793 9566 1601
6909 6613 1838
2883 4449 5830
3012 3009 5777
1078 43 2695
5652 281 6983
3535 5596 3478
9848 6674 4731
9672 5040 8095
3782 5345 3560
7841 8587 5921
7253 4819 7165
8950 9653 6427
9370 1698 9263
3444 5232 8024
2588 5757 8431
8423 8654 6904
6186 4991 7392
9918 9233 9511
5894 8792 4618
5051 3642 6553
4156 4940 63
4914 7897 8011
1322 3938 6843
858 2683 9933
9761 4602 3667
4802 6740 7127
6387 3972 1124
3566 1848 5870
2229 6289 9452
8341 3911 5424
2393 938 2483
5813 8421 3411
610 7967 7006
3066 5382 6330
6001 9846 2790
7532 8833 6181
4101 9589 3782
5708 5600 8133
9146 2066 7621
9045 2008 9445
3801 5248 9636
1126 7192 8558
486 2771 8046
589 7822 7482
7579 909 617
2841 7142 5023
3768 3312 2576
1721 5470 6038
5176 9449 9068
8666 430 6615
4143 3948 6836
9045 5600 914
2557 853 7557
4704 8311 7948
1558 2248 7262
6676 9874 6241
2287 4726 1741
9703 9266 8892
7702 6324 7732
6861 5384 7887
7936 6971 4651
5346 1324 9697
120 340 5176
42 6224 2421
1912 1537 2559
5038 8390 7105
1320 1755 3097
3554 4105 5478
184 9436 6611
9991 8973 3141
4280 417 2803
7087 7307 3246
3772 5168 5456
6950 2258 5724
1327 5559 2526
6909 770 4778
8235 9647 2557
335 6933 7503
6197 7686 9533
4446 1479 5867
4291 3882 7965
2908 24 371
9999 7467 1416
1320 1770 9391
7477 2057 131
6286 6887 6183
5053 6626 6314
4141 7192 5727
3955 4268 8691
3139 6183 8265
8835 1422 1244
6372 9214 6296
1877 1937 5212
4714 3831 5821
9499 15 7058
6097 8153 5039
2089 8602 2236
8679 1774 739
6906 4101 1095
8629 9273 5556
5734 2454 6813
1146 7008 1150
7171 3706 7034
6606 1361 1399
7298 7817 7124
9131 7582 4259
9764 8008 5554
5367 8802 6572
74 5837 5470
3338 3270 6574
621 1118 1153
9019 5039 5088
1201 7332 7268
6227 9168 3296
4122 6658 4358
4420 3072 3343
6251 1711 5653
7081 9057 1103
2007 5006 8842
3168 5129 6304
5911 6811 6048
4693 1765 3996
5037 6917 3769
7706 91 506
1449 5546 2338
5594 8474 1643
9769 1136 4305
1874 7394 2527
1953 2646 8484
3059 5044 796
6160 5026 1066
9461 1824 4773
9240 1503 6934
8721 2593 1315
6887 4438 7775
2458 7432 465
3036 2533 5660
6051 4832 6315
6841 158 8325
5697 6085 1199
3942 9963 8775
9456 4485 6848
4566 5047 8639
8131 1256 9909
6546 7142 7627
9151 6107 9659
2300 6437 1189
531 8206 7298
2718 3846 8540
7785 3477 2670
8123 8439 3555
8023 9318 8500
5556 6404 9260
7552 1897 9803
2518 4496 4770
122 8153 8176
303 4075 937
5954 203 7654
3346 4134 2166
2690 8227 5291
8914 9949 5234
8081 5116 5109
4902 6073 3854
5409 2135 4541
8615 7081 3268
9544 6993 1237
2465 643 9044
183 5479 9552
6963 6061 8472
917 3207 8380
3690 4160 1976
9329 3746 9822
8539 7408 5563
8889 1238 4220
2702 5515 2119
3814 7296 7910
1004 8333 8883
4356 1568 1498
2411 3073 5991
2908 4289 3744
4674 387 711
9564 4820 5190
9810 1580 5759
5725 5039 8091
94 4562 7725
4532 6739 6463
7177 8642 5005
7758 5551 1866
8373 6610 8958
95 5439 3543
7536 210 4334
9876 5822 8216
3217 7075 995
9610 379 2891
9585 3239 1545
6997 8187 3856
2172 7064 998
8099 5608 5316
5662 8069 9448
8667 7858 8868
1695 2117 212
3845 6710 3316
2872 1556 7142
5509 9531 6515
4872 3985 2702
1133 6520 6921
4188 4218 8361
7631 9273 6338
3116 9900 3750
8269 2085 3895
7510 8900 159
511 9006 9311
2438 9417 2719
9472 6567 7822
7860 2726 7400
3437 3683 8399
2672 7949 612
5678 9261 7784
3454 3317 6595
9284 9236 9393
982 6232 4019
3502 3918 5198
4130 3249 7170
2571 6919 1366
8336 5076 5281
7067 2649 4125
1123 8711 8694
1700 2594 4523
2079 1281 2877
6188 716 6173
5277 1255 9267
1101 1803 3246
1164 5758 334
3576 5301 9886
6543 1466 8766
377 2699 728
9061 1565 6863
586 8256 5855
9124 4785 6530
333 7951 2529
797 9532 4998
7212 3134 4783
9900 4225 1918
6263 284 432
2996 9551 2941
2376 1347 9737
1700 4007 9676
5787 3295 2989
4415 9763 8043
7267 8956 6418
6419 6125 9808
2227 9280 8700
3447 9912 2151
3605 2259 6437
7411 3883 5476
5917 7994 5205
3686 4816 2100
2554 2642 8048
4477 3077 8494
9055 3432 232
6382 6146 6160
417 5502 6028
4800 9167 5212
1636 5043 5214
3782 3232 439
4472 6145 9142
5111 4134 9376
1787 4147 836
329 9467 4748
1324 1591 5484
1918 1024 9581
8383 6941 324
1146 1479 2413
6941 8843 9451
9224 5012 6404
5854 8175 5556
5682 796 3689
4566 6999 682
9043 8119 6234
5239 2490 3850
9555 1510 5296
8802 344 7461
6758 9411 5245
833 4249 5483
895 8206 4304
3167 5204 9741
4418 6802 1994
1952 81 7437
7651 1505 138
783 6471 9451
2998 7420 8641
5705 2754 9504
2013 4982 4317
3503 5518 4681
5687 6682 3246
4913 3651 4154
2369 2946 8003
6339 8986 7353
1511 6695 9667
2435 793 3203
4121 5147 6098
1554 3130 605
5540 9045 3744
9686 2607 3216
8597 6109 3568
7978 5213 869
5842 1569 8663
650 1703 9121
3320 3966 9226
7124 9088 5817
8301 6123 5394
8433 6084 6222
237 8073 1056
7318 7579 4547
6945 6548 3402
6661 4767 3153
6740 3915 1783
5352 4773 1826
3777 5021 3563
6826 6234 2549
6781 3966 6669
345 485 8738
1879 4886 3841
1009 3239 2691
1839 8739 9081
7986 1038 6161
791 5874 8795
7105 152 4342
8071 213 3795
8256 9274 5215
3156 9807 5862
218 6216 8678
9982 8868 9894
7156 3532 2803
8232 8194 2986
6482 779 8817
6942 1791 7040
1633 1781 2674
7586 4636 3046
102 4988 9805
8885 643 9010
3857 4752 604
2333 7836 8507
5250 7255 3560
2190 2080 4095
5586 2209 3807
4674 239 9961
2813 7474 8598
7734 9973 7170
208 8018 7398
4269 7453 8113
2576 6131 1044
385 3177 1277
6014 6448 5601
3607 7309 8819
9451 2711 986
9532 202 881
8564 8097 1508
5416 780 7558
2787 8437 2604
3675 9054 7002
194 9406 6770
3059 1860 9222
8040 9189 6355
5657 9759 7363
8753 9104 7462
5675 4677 1308
9159 293 7727
9059 3575 7055
3377 2340 6936
9297 1149 9562
261 2061 5609
1639 3352 9720
6840 9634 932
6607 888 2092
6564 3893 7641
2767 6475 2250
6421 6101 3698
238 7888 6012
4118 3911 2297
7364 5047 3846
5391 4536 5108
5347 775 9615
4030 7027 3352
6545 3345 4194
3932 9485 5010
8644 7389 6142
3002 4263 2006
3083 4393 3728
3004 8137 9951
8858 7928 4790
3247 2484 5493
7390 4066 768
958 7675 6008
1757 5791 5570
2569 7822 5704
8825 6684 1903
6332 8983 5214
6991 6138 9401
3411 5928 5589
6499 1009 5269
7771 3533 5381
5160 7211 2415
4698 8394 251
2398 8510 4748
407 3388 7685
2050 9657 4373
9571 1101 5518
9125 6493 3981
2310 3749 2420
2161 1117 2357
1478 3277 6667
8016 9622 4331
5873 3980 3135
4041 3873 189
8107 5774 5609
7024 4919 3474
8364 1202 790
251 5661 9373
3559 6042 8541
9744 9479 7257
8819 2789 4905
8903 6226 2269
7680 4034 6981
2688 166 2996
101 9995 2939
6498 2855 2382
63 8673 8329
8924 1097 654
9412 4160 2028
9485 738 2225
3608 404 4134
1907 7701 6203
9490 9655 38
6427 6790 3297
4840 876 6935
8044 7569 8989
256 7901 2563
2032 6474 2914
7519 5943 5974
8324 9409 5246
8044 6980 7854
3175 4291 2373
3334 2360 147
7469 6407 4674
51 7026 2422
1335 7471 6770
4926 3058 5224
2089 5557 1729
7546 2848 1302
6658 550 1129
2712 3652 617
845 7178 2226
8654 3417 509
7027 1625 7377
4749 5404 4824
6069 992 2331
2038 5323 5864
192 2120 5344
9517 8994 9700
7080 3480 5165
7278 9781 7660
9367 8851 9298
188 4265 340
5417 3589 5971
6055 7688 2835
9123 7781 2571
5154 8953 2120
3148 9912 7659
154 9442 363
6218 4549 6582
9772 6565 2923
9591 3107 9086
3037 5226 8021
9377 5546 7156
6126 3898 8976
2318 6720 5542
9821 1690 1396
4260 9404 3388
7230 6691 2854
552 932 8341
1173 3585 1041
977 2067 678
3197 4830 1385
4954 5824 1037
8426 2694 5440
980 5911 1274
2941 779 4640
1571 3126 8674
4095 373 7205
6471 7433 3359
710 3658 174
3869 7298 9860
2969 3024 5611
1638 5060 8796
5797 5185 6037
2735 7694 2947
4712 1767 1157
1749 6814 3343
1825 6864 4443
6896 5950 9772
4631 9278 1208
3859 1908 4598
9854 7201 8682
8954 5861 8861
3142 7709 2228
6128 3376 8226
7979 3881 7464
7868 7615 9234
4619 1249 6135
2880 2371 6674
7477 6599 1704
786 122 2618
6262 1306 1636
5785 8595 2430
2887 2877 3753
3307 5883 9339
1245 6952 9758
9489 5802 6824
1070 8211 3380
7073 6113 6870
8580 577 5433
469 2753 2978
1062 2817 4781
4020 2742 4352
6709 5083 1567
2454 4299 5354
2833 4834 114
3224 1491 5116
4714 4921 8275
3276 5987 3252
6584 8782 2810
1112 3094 3968
9269 326 4846
9461 1947 2104
2040 1100 6440
9282 3782 2462
6422 5611 2674
5430 7306 7398
1130 3204 6064
9688 9313 6118
8481 809 730
8868 922 7310
2500 1691 6788
9862 345 7861
8949 1656 6432
7071 8510 1483
4791 9784 9941
2830 4065 5213
6942 5382 7887
120 6998 1771
2925 2433 5617
3893 4731 9207
5317 2082 6629
475 2405 7435
3150 5849 1254
8263 7310 1976
9593 5057 2090
6062 6776 9820
9641 1255 6567
4471 9325 3355
7685 8294 2938
8203 4444 45
3790 6558 4287
3051 6571 8444
6458 7560 860
6819 829 383
4312 7159 9999
1275 4568 3365
7108 2471 4980
1025 4050 2692
500 7330 3557
4580 4807 3874
8293 9505 8983
1344 6503 4534
581 5791 2202
5731 9361 8084
6631 4014 3917
257 5616 3991
6073 9434 8771
2301 5096 998
4163 3937 9619
8191 7138 4547
6690 3433 3086
7747 7702 2834
2324 9797 4046
2287 6272 7142
3762 6892 9388
8723 603 8559
9317 2291 3867
9390 3178 9486
9489 6844 2382
5125 2501 5486
1518 8324 4495
9666 3756 7070
6035 1686 4203
2676 2740 5321
583 6317 7087
1409 1292 3679
86 6866 3079
269 885 6356
4521 9557 1055
6878 7794 9864
9940 8769 193
8483 6179 1536
8724 741 4428
8334 1247 8977
5427 3486 6695
1417 7074 345
6617 2646 5270
7332 5401 6852
4030 8413 8038
3031 8461 4940
6782 8966 1480
5767 415 3094
8238 2788 2911
177 6969 3541
7710 1311 2176
8677 9139 1558
8669 7252 3869
1513 8934 4260
9124 1360 8360
944 2901 177
9994 4766 5159
1318 1258 3978
7697 7378 9711
1199 3644 562
1393 1500 1020
7287 5772 2404
7885 2505 2467
3141 8856 9093
882 8906 539
6497 3962 9754
3939 7327 4815
2826 4840 4559
4372 7673 5529
2427 2958 692
5070 2579 3449
6507 366 2975
7582 9283 9844
2705 5480 2587
4854 3508 5558
58 3576 2242
6497 4263 2938
7966 8040 95
6663 248 9291
7776 1437 5514
155 8125 1952
1730 1646 1064
5957 4428 5436
1501 3175 1075
7033 2691 370
7621 7995 8805
2963 4128 587
3843 358 3024
667 6746 4336
8120 4614 9760
6437 5717 6706
7915 1838 804
8092 9783 8088
4785 7836 8263
9812 7914 9689
5595 596 7013
7018 7822 1439
8189 203 1804
5745 8556 9316
3548 2851 7863
177 8563 3752
430 859 345
1393 9942 702
5385 4310 2554
6995 3014 7626
9598 5645 531
6617 7115 3240
8375 1746 6664
668 5629 5296
7424 7580 792
1758 3239 1598
2221 2286 7944
1099 5558 4528
5209 5243 5028
5012 2556 310
6458 9190 191
7157 9430 5116
6279 4923 9465
4823 12 660
8867 6979 7403
8446 5177 5654
388 4386 2442
2088 7909 4611
211 6325 1280
8028 9285 6235
7633 8933 228
2392 8501 7431
9050 5597 6869
133 9108 6697
2832 341 7518
3114 7922 8887
2575 8319 2660
5945 4718 3111
5722 1637 4974
6786 3878 4734
4736 2034 1984
1795 8961 9978
5126 7327 6241
4455 3979 4900
1399 2797 5955
6821 8602 8785
33 5713 6932
6579 3007 3098
9615 9999 3205
5713 6154 7479
987 3065 6489
2579 5861 6700
5925 6590 9099
281 8831 3264
1591 4801 6155
6467 7237 9648
9885 1048 2100
869 5752 6759
8980 3024 3855
5525 5879 7429
403 6773 2290
9927 21 2572
9359 9988 4596
6117 2183 8116
7442 4642 4645
3673 4390 8696
2771 3357 8081
6076 9108 5430
4635 8757 8001
5553 4732 3908
4044 2927 9362
2113 804 4512
7326 3643 5134
6812 4088 5197
4245 2868 6048
589 6643 2505
5632 4029 1884
5258 4439 5767
2439 455 8721
9579 6374 5231
7755 6687 9142
829 5747 4343
17 2520 8164
1235 9259 8021
3926 7228 382
9074 7666 7465
9504 7431 9638
858 1184 108
5659 1476 346
7735 4890 3244
1573 3289 3190
158 7048 126
6113 2023 5695
1113 110 9728
9900 787 5202
2601 9186 1722
5516 1539 4415
1277 7546 5939
9401 5258 5600
1890 9118 7618
9507 7832 6852
4512 9346 7548
4709 9317 3101
3994 5074 6820
5394 976 9311
2165 5463 1582
4928 6585 8512
1623 6722 1081
5268 9469 3922
7612 9503 2818
6473 6443 1808
5464 6340 5519
8914 2209 250
6713 624 3422
6394 5909 6146
9956 9109 3945
1078 8595 5816
4465 2546 4491
6567 3664 3563
8485 6883 4390
822 3603 9953
9720 6800 5750
9535 1662 7997
9211 3821 8953
6282 3797 3088
3961 7600 2930
7489 4604 7432
152 4310 5162
2736 2253 9652
4064 6453 6625
8482 2965 6613
5182 5680 7922
1885 5940 3427
8050 8049 4463
2115 789 2305
2276 5616 796
3059 5405 5657
1376 5169 2379
3973 8651 6067
455 4929 9154
9945 5200 5290
5375 6324 817
5119 1239 2508
8048 4306 6004
8360 4277 7312
5636 1351 5236
4329 2269 5008
6715 9778 6372
8583 1274 9612
9707 1290 716
6227 4482 5760
7981 7678 2003
456 4232 8104
6098 3160 7875
7433 7543 6503
9680 4714 1453
6332 3476 5231
7861 2214 6775
3754 1616 2734
2920 3957 5424
7337 3188 2565
9821 4116 2612
8704 4716 7081
3208 3063 5779
4668 6674 9277
8079 1564 8028
5057 5269 3553
4246 2664 448
7622 4576 6799
1598 2911 1391
9031 5265 683
5671 9953 8553
6557 437 7141
2270 9932 6847
5685 3085 9679
833 1036 273
9346 8022 5747
1384 3909 654
6643 6448 1252
7115 1939 3110
6323 651 7399
5825 5771 8627
4622 2955 1435
7456 6306 1068
7191 5957 6017
3557 9610 9823
3525 8720 7532
4946 6168 5755
4532 1647 5159
9805 9937 9642
2768 2079 2824
6711 4775 9941
1472 8383 2702
9003 6432 917
9792 5767 2438
986 3828 5555
2427 8570 3559
2065 6432 1600
7941 5745 5104
2385 4195 6342
7472 4994 6
4040 3779 8298
1787 5330 6314
3559 8367 8417
1640 9811 508
2025 9588 9735
9248 8788 8069
2251 1064 8346
180 8438 1931
4835 1691 4101
2289 737 405
6136 1751 3438
8728 2964 5276
5565 6442 873
2678 7345 3658
1936 8490 7583
7395 9964 8756
7464 2759 5843
9412 3302 7289
659 7546 1123
35 4355 663
7053 376 8922
4849 2830 8597
7395 131 2531
3788 4042 3165
1514 4784 690
2487 1424 6994
2031 3867 55
4668 6106 2220
4247 1103 1043
3581 7888 5805
4794 3007 413
9484 9837 6480
7868 3274 3505
3801 3988 1854
461 2369 2016
7056 8878 3170
7669 9695 6250
9471 4126 4633
7251 6234 2456
1866 257 1600
1116 5322 2857
7897 5086 3284
9203 4141 4064
3477 18 6292
477 4211 169
7074 4164 2344
1573 4394 7778
4981 4842 3999
7924 4004 1706
1019 7469 5649
1863 4223 5044
5970 334 3532
7721 6561 3431
8923 1558 9781
4594 2394 4799
9712 6707 8006
2400 8533 1760
3878 1885 8111
7590 9843 6308
3491 3389 3770
211 9527 1999
9109 4847 5484
9535 6851 400
3329 6971 7526
7816 2035 790
1133 2847 2938
575 6856 829
1942 83 3813
6037 8378 3017
234 4406 3059
5580 6218 5142
1183 6605 1716
5695 3623 5262
6269 4691 2728
2678 3792 8335
634 1157 4925
9021 1157 5673
6080 946 2183
4273 3271 9812
5064 6437 7403
2642 23 9467
119 2109 6412
5216 6272 3227
8746 6029 776
1367 7280 2549
9239 8413 848
8470 5163 2030
3998 9351 564
3730 9149 152
1394 2104 9294
1189 31 4030
3024 7574 8162
5868 6618 7827
7252 6641 5780
3363 4712 6299
5643 2856 1943
1944 8315 7777
7756 3076 6159
3562 3795 9467
1863 1254 3895
3031 37 8068
8842 5469 8982
3454 584 5053
2897 2122 4518
6100 7811 3726
2693 6894 9791
963 6094 2912
6559 3198 1140
6894 6851 7381
3836 2659 1090
1196 3744 9875
5494 2634 6843
3480 6437 3533
1284 9855 7246
9582 6659 3405
4256 7511 3414
1131 4013 2393
9682 7570 5631
623 1177 9673
3060 1070 5713
3655 4468 4720
9703 7140 8139
8594 4012 3377
9820 2432 5281
5792 4052 2792
7867 8774 4910
4835 1465 3847
2394 3246 5190
118 1009 6205
9539 5008 7218
5040 1029 6793
2661 7685 7726
5000 3202 8641
6814 8701 7842
5033 9020 874
3360 694 2523
2999 6250 4257
7510 4602 4500
9681 9698 8302
5030 8894 4211
3522 9804 3804
9133 9155 4430
8349 5078 470
5378 1238 952
1295 1802 2349
803 4279 5191
6285 3796 8220
4034 629 366
5635 1436 3284
8542 4700 7710
2349 4991 8139
180 9282 2786
1314 8956 3415
6849 3737 4525
5471 4288 5835
3628 6363 4820
6759 1994 6765
2919 1820 9573
3013 8876 6951
2917 7282 2392
6001 4234 241
9042 730 5355
5900 3021 7999
2417 2346 1098
5424 4610 1337
1324 66 1247
6481 2944 3974
897 8129 3273
9516 4594 4493
4527 6218 8668
2874 8814 7238
1223 8591 5943
8741 5284 6590
9646 5915 8337
7083 4792 5278
377 1797 9307
1088 8530 1484
6762 818 6195
106 1745 9769
6683 2503 3778
9287 708 1827
4109 7770 7400
8312 7040 2457
4827 6138 8646
3798 2932 6227
8704 2796 6095
8238 5667 4564
7718 3388 9097
6969 9205 6405
5104 7848 9117
4417 303 850
3547 6922 4773
6642 5224 4546
5467 8142 8922
7226 3409 5774
4465 3798 897
4101 2896 5072
7619 1184 392
2616 4763 2834
5707 7540 1261
136 6935 4028
3109 7875 7167
3214 451 6225
1082 159 1484
2856 8267 2718
3378 1549 5358
4621 1862 5531
9813 4018 8636
3128 2449 8016
2900 2795 5254
1256 8944 4752
785 2498 9282
148 3031 4118
1166 2844 1396
2494 9837 4618
7560 8528 4749
5982 5554 6143
4216 6756 6551
684 2343 620
2524 6136 153
2493 2320 7082
8270 2305 9264
6170 2591 5575
7291 2835 8328
1963 3933 730
1941 6255 6559
4977 2914 4688
3438 9346 5198
5614 5108 5818
2125 1031 4979
6061 6307 1692
2550 154 5508
4237 9617 1477
150 227 5664
1972 3752 2822
9787 953 6035
3137 8819 2115
1026 9233 8530
4970 5247 59
2017 9714 7480
6152 2719 4235
5073 1801 9135
5227 281 7169
7785 5373 3932
7238 9981 987
3474 3088 7036
292 3475 1455
3853 9991 262
7061 2291 5125
827 6243 5289
7406 3787 4210
4509 4699 503
160 385 7155
8386 1420 6490
2837 2409 6112
1634 1427 7325
2086 9629 6115
6843 5641 5727
7094 4408 510
3962 7751 116
4786 3820 2618
5954 486 2918
5143 5455 1981
9665 9386 816
9147 2513 5833
4781 8125 5043
8482 4490 3490
9525 9833 822
6704 7536 6366
3871 5927 9937
7845 5577 3490
8577 4660 1446
8242 9382 8851
8356 9709 8852
1478 237 5170
3838 2698 3090
6167 5168 302
5973 3467 6282
95 1341 1540
1160 2445 3895
4270 4273 2906
7708 3666 6590
7845 6697 3514
7237 7638 5650
7817 6515 9705
9215 827 4282
8319 8788 730
7581 1315 7796
6236 3147 4002
3025 71 1847
1695 1950 2028
11 5996 9483
4031 7643 8548
1832 2510 5254
7730 2194 5212
8973 4081 4818
9726 3404 622
7525 9851 849
3990 4970 7633
3989 4000 2179
4791 8066 4572
3909 6428 2102
4600 5200 4955
4148 4863 5440
2716 4301 5831
5442 9839 9325
5751 9722 7673
1454 7084 6638
5395 2956 6041
6209 5365 3174
7607 3767 2781
5010 4101 9359
6827 4280 1456
5931 9938 894
3310 2940 3749
1946 6293 3148
732 4087 5999
9155 8020 9414
9812 8112 4049
8914 701 9749
8127 5133 1788
8093 2566 545
9229 5504 8490
5600 3492 1322
6330 9921 9278
6878 3435 7523
5128 6988 362
1702 1591 9221
9224 8292 735
9919 335 5689
1635 4459 1310
9321 8167 5897
7764 9648 3200
4305 9472 6234
7251 4126 7189
3206 8312 5462
2137 1812 9896
9339 5941 4050
6221 964 8302
9099 4963 6960
6086 7936 9317
6711 8577 5037
1698 2213 1428
8869 8020 5644
6837 9722 1323
5043 9239 5419
3620 6289 1534
750 4825 7119
7534 580 7310
8518 3379 9563
8688 3381 3590
8792 5501 2584
9058 7371 5467
594 3355 7492
106 3518 1128
3849 404 901
5462 6430 8924
9454 8822 1836
9821 3537 6391
2885 534 3720
2751 681 3942
7446 6658 3721
4370 167 4530
7331 4005 2397
334 2356 1119
7708 7580 9392
2062 2286 2749
1619 6210 3625
3749 3385 3205
1748 8028 9595
5481 6121 2779
8063 5831 9805
298 8178 8774
8335 5447 9552
9012 8999 7689
2302 253 3967
9836 6892 6984
2572 9262 4972
6538 4949 1708
1039 5223 8972
4747 6740 6498
3828 6267 2189
3014 4649 3648
4779 4100 1522
1808 2419 6118
1615 3931 5331
4150 6407 8563
2008 8011 5166
6865 5905 9794
2938 9361 2227
6744 6164 1218
9664 5852 1163
2120 1964 3175
6509 7949 4932
3265 2395 855
777 3957 4954
9570 3986 8984
8568 9004 343
1182 894 9151
1515 7420 6255
6665 2690 5208
1119 1586 8397
9708 9554 2896
9056 7880 1682
8115 337 1032
3435 1556 8854
3524 7429 3704
7954 2654 474
793 1337 5471
2433 3749 2861
3799 3093 375
5996 9114 5926
8767 9035 499
9781 1463 7273
8913 8901 9141
9149 7011 9360
8268 3308 1757
9707 1314 3402
6443 2497 8921
8467 590 2230
5801 6874 9070
6932 349 6594
3922 5434 5769
4271 2646 9953
4529 6585 8461
8237 3472 2947
3346 6461 2084
7721 5957 8714
1526 2620 3853
1422 9503 8149
9184 9839 5089
5103 8953 7860
652 3800 627
9054 2311 6546
9879 8871 5681
711 704 5407
1635 689 9163
2669 7908 3406
4930 2155 1853
6043 4943 7580
3468 3993 3894
6006 5969 601
4985 762 1526
6980 8843 3373
1817 7687 4556
1256 1077 2251
8533 7911 7924
5925 1821 5995
715 3217 8701
513 6691 2157
6310 1345 4867
8431 7708 3312
2998 6143 4943
7272 3045 5279
9017 6250 2918
7154 3529 2256
2212 3429 9581
6298 9858 3147
9791 7930 6981
3027 5157 2593
8506 8059 7848
2093 2772 1495
809 9535 440
7530 1764 8136
9534 2881 2901
9021 4462 8839
7382 9973 9499
2056 1768 5643
8424 7729 203
9135 9537 781
7145 5254 8543
7984 7846 9630
2842 2730 7906
2181 1703 1027
4034 9670 9417
5594 3812 5708
6975 3069 2975
3197 2457 7614
5457 9507 5273
8571 7600 5845
1301 5145 2625
2527 7004 2197
9730 6652 4506
2460 6196 7682
8516 246 6737
1363 7969 2952
5200 4048 5660
7260 5308 3455
7148 9852 1173
2815 6438 455
6059 5273 7511
5820 5272 9106
4686 4653 5444
7780 5375 5487
9866 5591 5330
3309 2233 78
3699 1636 4434
7998 837 5478
372 7047 1101
6084 5384 8581
6904 6081 695
7141 8817 9133
2101 7488 9782
8866 5026 8531
5787 2376 1179
946 4835 5785
4301 6268 4262
4226 7223 347
8173 2869 7959
3320 6824 8160
5795 6989 9118
155 6069 4022
9915 9107 8805
5619 362 3068
983 2270 6612
695 3319 5248
3821 2524 4733
9213 8756 7779
43 9971 1545
1163 8151 5013
3028 7770 1773
5645 8772 2850
2718 9479 8787
4211 7883 899
9779 2307 9745
3970 1570 1519
8193 8474 893
821 6301 8930
5469 8963 4357
1551 9335 4618
5752 4061 7512
8827 820 2594
5084 8408 570
8413 8278 6672
4262 4579 9466
8120 4094 328
3535 3299 1158
8032 5841 935
2429 2107 2041
2299 3874 9938
1415 9473 3292
5808 559 8536
88 1584 3529
9659 817 7398
6285 5556 2656
4698 5328 4159
1230 8569 6537
2542 7169 522
4765 7996 5473
3016 1377 5265
3785 5021 7122
4488 1802 6456
3347 7155 2153
7997 2225 4446
3978 5565 5816
9075 9804 460
2120 3726 7986
1243 4587 6348
6240 2352 7721
3320 4954 8768
8300 5143 5889
4899 3575 7487
7316 8836 5413
6341 5647 4912
9266 2152 7686
3001 3341 7003
612 3282 8245
9790 492 9316
9492 5384 250
128 7489 9119
589 109 4894
7772 7913 4202
1701 6164 1074
2619 9790 102
671 2676 2203
334 6385 7949
1142 3028 9846
2178 9072 9653
5910 9994 8677
2207 3850 8752
3319 2808 9078
438 3654 6737
4360 7713 9391
5401 7426 5093
7191 8544 1652
6418 2027 522
3197 5880 5806
7338 7874 6812
9771 7273 5358
3600 4806 2225
9533 8647 8344
7404 4610 6751
7407 6531 1371
4179 8592 4086
6201 4101 5863
7075 8374 1214
81 9953 5273
5716 4439 9616
6071 6225 4329
9695 2897 5023
892 7214 6369
8422 3548 88
5301 2231 2456
2638 3537 1338
6692 7921 423
3405 3189 9066
7877 4634 5135
6800 48 3778
3017 1035 8565
1918 6533 3031
6276 5530 3874
4035 2287 1969
7377 1448 4233
9159 9164 3063
8693 1071 3152
877 3095 1741
630 5080 2108
9424 7503 4649
4897 563 4130
4951 2661 5290
6156 1304 2580
365 4315 3290
7722 8117 5862
1268 1667 2049
2158 2283 648
7913 1591 1272
6211 1083 849
1279 5204 8541
6176 8239 271
6962 149 6205
2542 8532 470
7964 3446 2410
9540 4739 5854
8330 9649 9473
9321 5014 7401
6745 8322 7978
4897 635 9675
6328 6898 1720
5400 1433 7854
9737 4301 2979
5470 7493 4133
3926 1948 6716
7563 257 7664
8190 9717 7805
6389 9902 291
6274 1878 5947
4328 9403 8383
6643 7482 1042
9679 2742 5932
4732 2561 4979
5903 4229 5319
2 9891 606
1168 9278 4767
4541 4767 3725
8179 9257 6813
9029 6502 9084
5820 8803 6094
3166 8795 2619
9611 2655 9186
2357 3147 6318
1239 5114 2644
8001 9628 8645
9002 4633 9117
8645 8135 9581
9703 4715 1339
5561 1958 7647
7391 7941 9844
6017 8295 520
1699 5688 974
373 6671 5680
2291 9787 5520
9275 8888 6231
1008 3726 8032
1941 2104 5319
5096 9116 9860
9708 2717 7246
3219 1033 8914
5765 4444 2535
7195 5364 3708
9471 1169 6890
2495 5461 9609
8112 5323 9217
2493 7272 7713
2491 4628 458
5962 9386 4387
8979 8164 4290
2419 9949 868
1349 8501 5176
3455 1020 4416
4858 4309 9302
8954 4832 629
6055 2379 8432
2249 6121 564
9528 6655 3555
9025 2655 2800
4080 6883 865
2384 1854 3855
490 4239 3935
8753 3753 5086
2158 5704 6253
147 4950 8743
1904 1009 4357
3651 9364 9519
2624 8253 2201
1754 3308 518
1098 7866 8050
9272 7498 3823
4746 894 7548
7354 7359 3090
852 8556 157
3889 5845 7981
1212 1968 308
3550 640 2923
2964 5629 6264
6050 7355 2274
1400 4126 8168
9462 2968 1216
7005 2809 950
7185 5938 4517
1941 9106 1849
5452 3116 1525
8071 4230 8559
1366 8475 3858
5130 9956 2333
1009 5481 5377
1134 5231 2387
4192 8550 5908
6994 3188 7395
7178 1752 5483
2827 8410 6144
6760 8431 8148
9619 9672 5936
2815 8790 6904
1650 7163 4809
3208 4122 7428
9310 4759 2265
3321 8927 3283
4713 6237 5855
7383 6783 374
3840 3030 6902
3894 4561 2124
5695 4969 7287
4600 9072 491
6629 2063 8364
3773 6184 7455
510 5829 9687
979 5655 7734
5766 6239 6442
5818 1134 4169
301 4969 9438
6954 3958 2085
4127 4289 7730
319 5321 665
4659 9910 9914
7269 8073 9265
6649 2014 2673
4805 6228 7607
2672 7673 769
5582 160 7814
3352 244 8652
372 8656 8153
2336 8147 7718
2344 7889 6784
2896 3368 1768
8361 115 2151
2023 4548 8661
603 4910 8961
985 8521 5077
5550 3859 4743
5502 6550 2377
4977 8976 8018
9882 5748 1710
6918 7128 7160
7888 978 9609
1272 243 8822
2229 3264 5507
4401 4726 7585
1261 9658 8516
8192 996 371
1390 147 5912
9135 648 270
6976 3266 9301
7019 8980 7327
3062 5688 9452
7311 7245 3434
7620 196 2092
7749 554 8958
6671 9992 6014
709 9838 442
1978 3911 5591
903 2808 5387
2904 3954 6651
6949 5150 434
5239 7216 3322
7750 3351 8303
1916 9335 2047
4240 4854 6552
6467 1390 4372
194 4779 5957
3410 8414 7663
8795 1661 6746
1813 3078 883
5307 5013 7503
2604 7464 8132
5152 7959 1042
8558 3830 8166
5468 6871 8704
7579 8975 3310
8191 8689 463
6677 1345 478
3299 9801 7745
2967 6802 3473
1780 9430 7994
5294 760 9688
7302 7380 425
1079 4407 8030
7192 5937 3335
7948 88 8645
5362 2634 3862
4677 4511 3249
2131 2318 8238
4121 2653 7961
5825 4369 1154
3197 2860 2294
3069 1257 2560
8766 7451 5328
441 1303 4205
2938 5585 4939
2377 6900 1652
5724 7363 1344
7060 9281 914
7083 4747 6689
7003 8179 5405
1899 884 4582
5041 491 3681
9280 6579 8908
7944 8683 7383
3255 8086 2066
7182 7487 1313
2680 2350 4836
4338 5604 4918
9069 2918 9315
4028 174 822
859 5421 4677
7444 7264 8643
3888 6332 1491
866 3856 5860
6891 5231 7320
6634 4630 143
6588 3865 1578
501 6058 2045
738 3675 869
9792 3235 998
8680 836 9376
230 6882 924
6311 6023 4400
2379 624 18
9989 3391 6565
9324 4259 7895
5410 4715 4960
753 2190 130
5170 4636 7832
3042 3688 618
9023 7098 165
429 1934 2317
7857 9405 8342
2918 1374 6745
3444 9207 8698
3055 7158 1770
9417 4507 9992
1365 9000 3762
2579 496 2492
9146 8784 10000
1806 8781 6684
2008 9902 7958
782 439 7024
7450 286 8020
5272 7362 1168
621 1599 5224
9094 7434 4126
1035 11 122
1488 5793 205
1872 3876 8962
6533 1353 501
2339 3800 5752
5587 559 9980
236 3584 7649
6997 7882 8095
2540 558 6325
6813 1318 4140
42 4132 6861
1747 8398 2814
4724 31 7058
426 4276 8172
9232 7475 8423
6519 1529 733
3855 7358 1157
9784 7264 1262
1112 96 1948
4984 4076 3800
7277 3633 5598
1479 5791 2104
2345 2699 836
2097 9354 5340
7652 7433 3688
429 715 722
2477 9820 3737
982 626 4750
6890 5227 2586
8530 4251 5069
5210 4267 3605
514 6199 5124
8666 3585 2388
516 1384 1745
9743 203 5181
2628 2224 830
2467 2919 1633
5657 5590 3440
1436 3330 9834
3464 8036 5970
8446 8039 2041
406 5968 205
9616 5182 1197
7445 6575 2369
4373 6924 9446
330 1149 6762
9912 690 1834
8143 7181 4141
4846 2669 2831
7888 9292 4391
6193 6071 2262
9557 8323 1624
2331 8164 2310
9210 6082 6110
2567 335 4924
4411 1073 4019
44 7448 2379
422 2059 1803
4288 5838 5209
1850 2298 9159
5664 7417 9616
9100 9380 1226
8619 7421 1572
9725 9607 4442
5559 2258 1451
9659 3750 3210
2805 3231 4069
6657 5700 1401
4980 2971 7397
1289 5317 5684
4913 7404 6712
7147 6415 3598
7856 1897 5454
3931 3508 9753
8867 4158 579
5685 3245 9454
9395 9148 4112
2246 9624 8507
5647 5775 4565
9568 3421 6169
2087 6634 3572
6074 9245 5719
7450 7767 15
2684 9588 6719
8805 5732 1677
2688 8121 7247
3617 5471 7533
3084 5447 2497
837 2553 9642
1293 3010 6984
3983 894 9579
3036 5660 4732
9977 8024 8744
4228 4255 4004
1593 83 9032
4957 9693 6216
3501 2831 2602
50 5264 7223
4989 1056 8236
1216 8754 1847
7555 8684 620
2355 3557 1438
6214 4341 5429
675 7989 6947
5508 8027 643
5644 680 9232
7339 6522 1017
6689 2474 4998
8373 418 287
9456 7005 7440
9666 5322 956
1090 3637 1932
5251 27 1079
129 2160 5632
2870 8680 1368
2790 2699 9737
4049 8825 2902
7234 9383 8940
9219 2989 9053
5391 9573 4070
8950 3636 6870
2914 4961 2559
1810 6180 632
5694 8318 3913
7698 6809 1953
8598 5296 7571
2068 2143 5847
739 7561 3173
6209 1213 8528
9657 8702 277
5510 8727 4891
5250 8138 5521
7509 8131 3232
5494 9728 8544
6495 7089 4305
1688 6521 6659
4757 864 1377
4488 4344 8949
9697 6000 5744
9055 3427 1637
9002 5706 4433
1804 5778 8647
7282 2891 8415
1681 3470 3172
2919 2810 4618
516 2131 3736
8780 5431 6126
3825 614 8021
5627 8896 4629
8946 6499 4400
4731 8007 1180
533 2252 1934
8469 9013 4642
1480 2022 7161
3073 239 7632
4082 183 1759
380 6747 6039
7546 8027 6208
6727 2297 1986
8762 9489 1714
7980 6465 7675
7653 6213 9093
1532 2743 2318
3760 8389 5250
5507 4431 4248
9444 9503 3041
4516 467 3843
5426 816 8067
9169 3230 9947
8966 4807 3112
559 6858 1413
644 9381 1684
8121 8623 7919
7289 6995 8915
3583 6755 57
2678 2908 3047
5719 4826 7677
1302 335 3987
6449 9541 1070
7502 3473 9288
8922 6624 5545
3956 4488 6450
7630 8075 2465
5625 1247 1051
307 3220 4258
4287 7164 1379
7601 8917 607
2028 696 280
6530 1138 2316
1142 1732 5266
5129 8493 807
1030 8548 6354
9255 10 9154
2293 7721 5794
6867 4188 8244
2369 7956 4758
6400 4889 6300
4827 9769 3055
6635 7450 587
2347 9771 5332
6720 8443 192
322 1341 7187
2570 8900 1771
7762 3211 4710
2615 4380 139
7638 9725 5504
8762 8440 7030
1364 2953 8826
3202 6755 5334
5768 9411 3197
2301 2730 8469
559 2631 520
6399 190 121
1101 9506 6647
2012 2145 4223
2597 5278 6901
1398 1931 5198
399 2615 6904
4571 7164 5181
814 3327 8293
6688 1405 7954
1473 9901 2752
2275 2734 3731
1884 7747 2264
2982 3041 109
9702 1643 3374
7426 9620 9106
5863 4198 6411
3342 2896 7638
4715 2047 5364
3582 789 4568
977 1435 1584
2085 5983 9625
6554 8861 7480
6495 5504 7725
2607 3213 6364
1139 7930 9504
3659 9212 7216
6893 1776 7585
9706 4052 9342
9367 5776 2252
4885 7697 8338
9335 8278 6201
9341 7505 8810
6201 9729 14
247 5315 1035
7307 7010 243
6572 3683 5818
2691 9010 4811
6467 4474 7505
8171 4878 3030
2343 8794 4396
649 1788 2448
9264 7601 3627
264 7652 5030
4468 9317 5417
5310 293 7123
1460 9567 6709
4062 5844 8183
1379 9404 7770
3616 3380 6131
3059 4287 9235
8728 8346 6860
5844 6300 6466
1945 7945 8314
7148 850 1370
4031 7370 2477
25 3127 5062
8924 166 9422
3860 7856 2009
2227 3026 7087
8084 6937 8243
6749 7034 3502
1797 1855 9952
7892 6328 3916
2512 8269 6892
189 7307 1726
9041 3323 642
7495 1419 3770
7100 5565 9242
9149 9431 4388
8968 9641 6227
6342 6440 8393
1703 9013 790
3768 5108 7871
1353 7022 6177
3005 6163 8253
4206 3592 7192
7560 5222 7427
550 923 8361
5251 8845 8584
4508 604 5169
670 173 6174
2289 347 942
5152 3789 3011
6633 3956 3622
5290 8698 1673
4358 4468 6774
3279 5674 7672
2144 2472 6303
8728 1283 8822
2712 2344 9229
1679 5063 81
5730 4083 9533
5201 9374 422
8910 8951 685
2889 4744 5630
2130 3007 9969
3855 807 7468
8458 8696 9913
9549 7976 7297
1550 4850 1800
8602 5537 5006
9294 4285 7184
4215 8304 1451
4450 1967 2592
3959 4050 1583
2537 2116 7886
9051 1529 9361
9004 8780 9349
2695 6392 3139
856 1101 6428
2473 2863 6146
9271 3152 8880
3459 3551 3961
7043 9857 3040
5549 151 2193
9013 3035 9957
6963 8018 2753
8936 6774 3022
2683 4757 2860
3364 6473 1419
9504 9508 3854
4803 7173 5943
4534 1735 108
262 9643 2033
6296 8356 4458
9309 6298 4231
1708 5444 2166
3524 1436 392
2692 6505 9464
8946 2203 117
2850 5035 688
7858 7977 4458
7421 5122 5499
2654 5872 4860
4902 1539 6714
1231 8274 1910
3884 3965 5083
8617 9321 621
3216 5853 1752
7231 6599 6348
1298 4508 2645
2902 9329 8034
1290 2004 1278
420 2202 7805
7342 9623 4132
981 8678 4587
7767 2002 9747
9122 561 8923
3902 7282 4856
4559 5091 1931
8590 9232 252
5885 6807 555
8276 7802 5612
5554 7914 1979
7608 1073 446
25 4962 6368
2009 9177 9241
6098 5420 8521
2615 9377 9042
1661 563 30
5739 2705 4186
588 1876 4326
2094 7897 6087
6323 5788 8943
9946 4992 3568
4638 4004 2715
1423 5964 3469
8234 8618 5087
3205 1350 3842
9632 6241 1713
7506 5820 7648
1318 8164 6012
8140 4003 8564
7417 3679 7583
7600 4154 4642
5839 6357 4016
5020 4239 3083
591 6570 4219
218 4171 6286
4903 6365 6211
706 7872 1508
4711 9121 3354
3213 1666 2159
9325 3447 1133
1998 6139 7067
8761 6630 7310
3785 9318 8035
693 5361 1324
5514 5892 4968
6084 1140 7589
831 8169 240
6646 1116 5019
7327 7000 557
2219 877 7885
6631 490 2667
3055 6791 1519
2581 2064 4169
3682 3022 4612
4535 7761 939
9890 9741 7230
7871 9473 1166
4505 4670 5743
821 5263 263
2020 6141 5395
9734 7021 4132
3312 9206 4112
1247 3722 5046
4906 1837 133
912 6153 6808
1823 1900 1298
6823 5217 5440
8463 3118 4691
8343 1005 2725
2429 8649 3246
9490 5205 8451
399 2337 8991
7608 3125 9992
6644 3201 9131
7854 694 7307
1899 2190 5195
6801 1534 8166
4529 8532 194
5988 814 6521
3721 6993 1895
8566 2420 2236
3080 1311 4210
2150 2438 2900
3664 7170 1209
2711 2609 1369
3945 2301 9801
9741 6872 3373
1044 7812 705
2584 103 4100
6036 1682 1544
5138 7454 4290
5468 6899 4380
6179 8689 2153
539 9449 3810
7726 8773 7718
4978 2662 5453
3279 220 267
3514 4529 9059
2503 8899 8104
6057 7269 1515
404 6202 1169
7928 6255 354
5070 7630 5897
1384 2200 2052
5276 1330 3640
1616 5699 9643
9711 9995 8039
2048 7373 4857
6230 8362 8146
5036 1352 4814
8552 5625 7634
3328 274 4778
5613 8886 7422
9891 5728 4868
9206 3099 4940
9717 1080 4955
1769 8768 2075
2340 1993 6350
5696 1120 6958
3623 1170 7477
9754 3655 4957
577 3342 7428
8368 2925 4359
4082 7306 3955
7935 7945 3296
7955 9967 5503
9989 1036 677
6365 3407 502
7333 3683 149
9192 6128 4554
6945 3664 9872
6796 169 1200
2456 4161 4652
6932 4780 9134
211 1192 1407
9835 2543 1629
9615 3193 1848
8708 5608 4442
5760 8251 2140
2380 2116 9918
7965 6420 9195
9418 7535 7065
3371 8280 4489
9938 1338 4022
376 767 8116
2584 8692 6112
2392 209 705
3285 4995 9151
6870 148 5829
2099 9855 8491
4278 3275 1379
9982 7081 3547
7220 8063 6372
8870 6999 5823
725 4911 9174
6851 4194 257
1198 4442 881
6544 9007 3733
3488 9023 497
4810 4836 4521
666 6534 7757
3130 7138 6127
8235 2469 5386
6686 6176 7605
7675 3243 5515
6133 1736 9780
4489 3827 8823
3925 1317 8332
2913 2874 3850
6737 394 8040
4075 4472 9753
4118 2165 5529
5721 2621 887
5878 8087 1910
1380 4724 4629
4285 9330 8622
572 3848 9508
955 2030 9724
395 3993 9770
8716 5494 3243
8944 5832 5053
3021 7096 3980
8515 7707 4838
3987 7639 1237
3018 6973 2784
6517 2673 7580
2797 1450 6529
2424 2805 852
5444 9170 8305
31 6266 2578
5524 9439 8412
169 6390 5699
2113 349 7298
5236 5442 4110
9441 1283 8467
7523 7179 1714
7476 4187 2772
4985 4857 7314
4305 9254 5016
5581 92 7790
7399 2987 4910
9695 5143 893
9831 6901 9531
6673 9497 2069
8573 4503 1815
7910 1657 5860
3390 2990 7332
8859 2444 3185
448 2064 9889
6086 4681 6046
1316 475 852
4786 7953 3511
7879 7637 881
7090 4021 475
8597 3738 5557
9710 8538 2403
6609 9195 2579
3554 4746 3392
3411 4868 5962
4809 5073 6806
7717 4594 5246
81 9312 5997
7670 4734 2540
2458 3051 9371
9434 3445 4931
410 2356 6423
1478 2597 2773
8648 9922 6213
425 3076 4348
9833 1466 9863
2463 3713 1423
7786 8625 1375
637 4556 1966
1195 6513 7601
7247 6469 9210
1204 553 8125
2598 8042 9849
5568 662 1006
8647 5165 361
8821 8117 4908
3325 7620 5846
5004 9861 1263
4234 3528 855
7650 3235 9319
3857 1574 1676
1408 6891 6580
5176 6874 9452
5443 5410 2343
596 5269 2031
7956 2156 8683
8308 361 2025
9290 2353 8707
8788 1702 8538
6997 445 6093
5610 9272 358
8417 8736 6057
9532 8527 3043
4522 3469 4393
4807 2471 1847
8597 1860 6912
9195 3145 8981
5109 9745 8148
6839 6985 4819
7837 4508 1409
9722 7971 2460
1335 7550 3815
8572 4220 6671
4396 3176 6155
3293 4831 3802
761 2748 4274
7738 1897 1551
5732 3519 9118
9585 8885 5030
5167 567 9018
1328 3820 3896
8955 1426 3152
8298 2545 3963
9511 4147 5329
1616 6385 1402
2105 8765 6904
3708 7267 3838
9701 9600 9767
1282 9950 2418
8876 2204 1907
8478 7698 1180
1745 6564 4468
4083 3902 2700
1748 1132 741
2170 6224 9477
1127 4555 6866
7729 3033 4439
5414 9457 4816
9267 3145 3756
4786 1365 3200
6622 2412 8476
857 85 6106
3871 9445 6478
6983 5674 5385
7546 5886 7984
5622 9542 2633
8641 2762 1667
1394 30 6302
5306 8281 456
7211 9551 3905
4765 9963 2155
9573 6125 2696
5016 3344 1762
3037 2224 413
4423 3272 7126
855 1331 3645
5698 7440 2420
1782 1642 7312
6724 9029 7541
9960 4513 881
7097 2640 2912
8855 8327 3237
4409 2153 7475
8419 2367 2989
5733 9078 9482
446 8147 2545
4236 2378 8034
1439 6577 5294
7644 6125 9039
3479 3263 6180
7427 6234 6081
8940 8012 7071
9155 5598 1593
7402 9832 1311
2570 5074 8785
7999 4484 7998
6961 488 2720
1709 772 4964
7096 9471 4158
2293 9713 7550
6701 6150 5507
8949 3193 8644
3707 5817 8737
4538 6316 2206
423 5364 4819
1841 9683 8014
9204 9239 7058
1494 9246 805
8791 3064 5362
7817 1809 1864
5688 1892 7892
8338 6275 2015
2050 6080 7290
2853 9288 4260
4600 8672 1080
777 3019 3064
3453 7087 1814
6331 9543 6219
9323 3802 8800
4826 2431 4977
6902 1404 3716
217 2992 4273
5699 9671 613
6887 4566 7601
6969 4780 5112
6147 7799 5160
5941 9574 7926
6069 5998 2182
7596 1280 204
5185 875 5906
6424 1182 139
6890 5361 9407
2702 7283 3331
1288 1396 7401
2586 9826 3682
726 6871 5844
8661 9796 1771
9584 5232 9212
7268 9285 356
8183 2325 6600
2081 2503 671
4998 433 6445
3805 1577 6587
3476 6830 9613
9356 1460 2645
6208 4569 6826
3699 8549 8346
6708 6060 9104
6001 3862 3824
5872 1679 1658
8387 7636 1644
2882 5284 5961
8940 8266 2938
9327 5696 5740
6935 6959 1447
3132 5956 4963
3303 7463 7453
5770 1370 8643
783 9407 2367
6366 2814 7974
9791 541 4515
6504 5819 6569
7433 1877 4989
2955 7883 4316
1841 7336 709
7143 4068 4832
5694 7053 1759
6569 7477 5628
3958 4405 2937
3734 5776 5238
6726 1875 7678
6433 5371 421
8973 2367 2194
2363 6613 7400
9693 402 8582
6022 2647 9033
5828 7928 4755
6334 6335 7659
4205 8455 9473
5896 1868 7356
1601 5643 8559
2553 259 8164
8195 7173 3742
4142 7526 1057
1772 5302 2845
781 126 1379
5631 2502 1815
3819 1366 4401
3625 5125 5490
8476 1582 6979
5445 2246 5510
5422 8104 7716
4401 1524 812
4975 5979 76
7984 1509 6717
3579 2194 5407
9981 4890 7138
1988 341 790
515 1191 9552
8095 6575 3885
2204 2572 8278
1617 4835 921
6794 5841 7919
1829 7577 720
4912 1318 8360
3115 854 7026
4460 4276 3185
9230 5681 913
5747 6159 7376
9276 3269 2591
3371 2453 9512
8983 7202 7562
6808 9928 583
6524 2816 7560
773 5288 1929
1890 446 254
5167 329 1432
3235 7693 1133
9924 1084 4607
1200 3554 526
2023 1529 4038
2093 9045 1219
5561 9345 8205
6446 6606 503
5763 5449 1069
9216 6836 5412
410 2061 7686
489 2157 901
7213 6567 3611
6372 1860 8678
9796 2470 5318
4358 5146 9635
2223 4846 2536
743 3476 2584
5144 3713 1350
4480 4852 4773
5618 1919 48
7448 8219 126
7180 1731 5319
4583 4611 7608
222 3163 5730
4100 6423 4003
324 9322 6145
5798 6341 903
6048 9958 6583
7535 1156 98
5287 5053 9197
3741 338 2269
9360 967 6296
771 7768 4819
8703 2741 2325
6722 435 1923
6361 8672 7331
1651 9688 1686
4995 1358 4248
1395 3494 9793
4193 2034 6132
2850 5537 2105
2817 1127 3087
8715 7322 4167
1240 9468 8597
4065 4629 2540
7418 9472 929
5986 9750 6333
232 6528 7621
6294 7050 5751
6364 7900 9716
1091 7980 6165
4912 3129 7643
5966 2290 1444
3698 8550 1090
9391 7871 9325
2831 3545 6033
188 1892 4580
1770 4934 9276
6881 7733 9987
1186 5507 419
2488 7859 5517
6939 2926 4861
4783 6460 1070
7893 4358 5412
9681 6278 7142
1938 9334 5373
1375 1890 9133
2512 7962 9924
8281 1458 2502
6487 8685 9538
6115 633 886
2402 3899 2809
2575 7474 4299
2564 2232 6753
6099 5169 6040
3296 8279 4983
9310 7852 5092
9132 6625 7354
9058 202 8433
1076 1955 6660
9006 4621 2765
3378 6668 8953
506 6438 793
8192 4350 3756
2396 2245 5199
2602 728 3246
8668 2778 3392
4650 215 5347
954 3671 7541
7664 895 9655
9053 2622 6093
9625 4942 3244
5439 4905 4702
2670 8326 9564
5172 4974 4859
3524 4221 4465
2812 1241 9547
5873 9573 9040
4255 8091 4938
9334 2749 3391
818 2304 1345
5849 5587 1309
4353 6623 2232
4766 9560 6769
6041 4324 5727
3042 5789 1247
6356 4753 6369
2667 5935 3693
6638 9706 8404
2893 8702 3025
5953 1463 9208
3106 1780 7945
6584 955 4939
7646 7395 8797
9600 5809 9937
5540 2079 2391
6945 5192 6277
4505 3654 9276
9290 6046 7541
9133 4259 1497
3555 559 1861
9215 8958 2678
7605 3683 1470
4754 4059 1522
9513 8754 9555
7847 545 4724
1054 6850 2417
1828 4961 2806
8487 1577 3124
9158 3155 3091
1001 7302 4363
8112 7454 9363
4492 1454 764
8558 5986 720
1994 3875 966
3738 4310 3361
916 4215 2850
8587 3571 6274
7244 1459 4794
4240 5523 5181
8773 8018 7376
4163 2065 9068
1828 2776 7967
1301 5351 8927
230 2824 2139
2483 1280 7723
8891 9781 2279
9437 4135 5446
7690 340 1481
6974 3045 6404
6003 9096 3612
1258 6281 1276
373 8028 6294
4844 8040 8873
6613 1436 6730
7274 3201 6577
7575 1017 5293
2229 2024 3362
8278 5931 6314
9608 7838 8117
8800 3293 7878
3523 1359 4796
8408 2691 33
6268 8417 9871
9217 1422 175
3741 2864 9742
1831 7052 9992
2377 1325 9873
7748 3976 1856
4502 6460 102
5498 5747 8343
6827 8254 3533
8437 3724 1514
6056 7899 1108
7454 58 769
3859 9058 5465
3350 7297 976
7966 3135 5156
1175 3179 2831
125 6306 4552
4964 3704 9810
7067 7616 2887
3953 9029 207
8724 9949 6686
8912 3082 6658
9084 2816 3038
348 1235 5567
3096 9763 5050
1910 3750 8317
7936 1334 566
9516 3893 5384
9842 4207 7533
7673 9629 9210
6904 9244 7749
216 3673 9330
7317 7812 9263
4333 3131 4318
5556 3463 9993
3185 1742 7586
2453 9886 3390
4209 2786 8318
7255 6180 2943
8022 2004 3260
1080 3172 8860
1843 9947 94
7400 7518 4834
7460 9100 1990
5582 4396 9927
6089 1187 5847
8658 153 3588
1058 5884 1538
7627 5412 5222
3545 584 1588
5725 1486 5068
8355 8745 8166
3825 1164 2672
2986 1976 8513
4463 8302 3529
1422 6529 5659
9570 9778 5634
6601 2469 4505
5067 2252 8432
9031 8316 2801
5341 2192 1285
9073 8513 3855
7961 1136 6232
310 7968 3525
6004 7195 4284
2048 7795 7015
9049 4105 3604
1807 1169 5652
9278 7727 5335
2894 5375 6547
9134 7809 4622
3308 4277 2001
1207 4353 8623
667 1736 7284
9037 6465 6758
7122 9718 8856
7885 7012 8497
2079 5332 7330
4176 1670 7996
2362 3006 8173
6821 2794 4412
6570 6936 2493
814 2259 660
2162 4222 4312
6729 6407 307
736 8191 5416
9902 9468 788
4664 3440 4424
10000 5422 6988
3265 2140 4959
3815 7202 9570
2875 5868 7722
2643 3748 8003
5766 589 7779
9251 2293 8557
7634 4129 3196
9862 9809 5104
4124 9501 9172
5024 8895 2071
8916 7611 9191
3801 7033 8476
8970 7208 2619
2965 6294 3761
6419 650 7461
8984 3040 7647
8028 9917 1698
9678 650 5509
4688 827 2696
1733 7232 7990
9666 6050 6997
4486 4844 1211
2534 179 4658
8294 4017 6684
8236 7701 8916
8673 9658 9784
6401 1124 666
3709 1447 5974
6657 1363 858
9623 5616 7500
2436 1707 3872
7670 7103 1687
8555 2363 9876
19 3978 2875
391 2243 9451
7148 4250 9082
8708 2622 3031
359 1826 2999
6579 262 5924
5952 2281 156
3874 3279 340
2486 5970 7486
6279 1719 6466
1943 8704 4224
1570 6516 1954
5593 1840 8747
9005 6417 455
1498 3592 9773
2784 52 8943
7497 4189 9383
8674 1059 5956
788 8632 5013
3578 1462 9535
7733 1577 2126
4590 1789 113
1170 6126 7542
5101 2559 9030
9761 3292 8296
4110 4055 2860
4905 9400 4826
9886 8532 4765
3775 4884 7485
8612 2386 2004
1674 6374 45
303 6033 9065
2426 2776 2240
1486 8366 2269
6429 430 8661
2273 1801 4997
9669 9298 2384
8638 2831 6616
7607 2601 3087
1611 6278 4517
9063 4418 1783
2531 8961 4787
1305 9402 2025
2161 858 7971
7220 287 890
9241 7558 8399
6148 7349 9028
3338 7205 4748
9102 8169 2021
6185 1860 8144
9439 4440 9747
3081 365 2768
6992 1760 4647
1961 9654 1715
5812 1589 4408
7315 5654 7057
48 4247 9855
6253 2839 5565
1411 9563 4950
4660 6950 117
3762 7173 5150
4854 6035 7033
1012 2340 4444
33 6543 3159
6486 7030 5408
6957 4878 9466
7284 4377 6292
9476 3324 3366
2177 3331 9083
7687 7676 3231
9834 4080 416
1820 3825 112
8692 2820 665
6024 4520 4942
5317 3766 9800
6361 1002 7287
3034 7825 8985
3698 5423 4962
6019 7992 3119
4178 122 8301
9709 6814 1486
6056 9587 4866
7760 3506 7496
2132 6044 5339
2455 5240 2536
1723 9282 4440
3513 3544 351
9717 592 747
7655 9472 9055
1048 5303 4690
5567 6084 6974
8341 858 641
3928 1320 4896
3475 9987 3814
3616 3071 1316
1734 5240 2021
5748 7437 5282
5695 3838 7403
9613 3046 4913
1440 5607 5810
6643 2654 6378
700 5822 1035
3846 9989 5190
9415 7452 5514
3937 2679 8534
5395 7013 548
6553 2612 8831
738 1256 3438
3301 4187 5160
5370 456 8861
8679 7963 8140
3006 5363 380
8497 4559 2663
3275 2975 1567
9437 9573 4064
6827 3930 9867
818 373 8179
3891 1390 3307
9856 9377 5337
343 1075 4636
1470 8641 8673
2370 8955 5578
3108 7618 7226
580 3179 5590
4716 9102 5097
4375 5586 7190
6398 3106 8679
4238 9110 5026
9445 7286 1897
7224 181 8667
6890 2106 7673
492 1243 4261
9925 3761 32
5309 7575 6597
1702 4790 9929
7541 984 528
6309 5292 3610
6333 7266 9599
4630 9626 9105
5049 9143 7207
7610 6336 2309
5082 9202 5686
6780 477 7944
9779 7180 475
3190 6534 9578
7337 7829 2963
819 7792 4038
7588 9070 9158
7209 2873 7247
105 3274 6367
716 8680 7940
3583 4997 5206
3396 5074 3791
1074 9044 6284
6455 2124 6685
1178 4698 599
1550 1054 5975
9192 1222 8053
8512 2254 4608
7414 9008 902
3786 136 2120
7700 2897 9167
3867 5974 7804
8600 6756 2165
2000 6918 1822
9822 2335 6062
7917 1070 5512
9322 8395 4149
4565 6764 4366
2887 4190 4318
3024 4041 3212
9814 6126 7416
809 1401 4249
8314 7145 7559
1639 2025 4673
9099 5470 1117
9333 6087 2464
4769 7964 4161
27 1708 4325
5233 4322 6902
8764 369 2007
1990 4084 8256
8214 6756 2585
5025 7635 6283
8403 2255 3473
6997 1220 6991
2341 6693 4486
3853 5166 6724
309 2522 7615
2492 8870 7127
3041 2928 8524
2725 6445 8737
4211 3788 3659
6892 2684 9003
8248 5365 5279
2110 3504 6295
9709 7371 5578
3079 587 3459
7596 5635 3885
3572 5382 5804
4706 244 5141
2325 4080 4900
8901 9446 7888
1823 1583 8330
9441 5598 9794
9167 1985 584
5791 1370 8600
736 4404 8955
6108 9511 5847
8598 5042 9086
7335 5836 5695
3207 5864 7140
3890 8193 9363
829 9102 5915
940 4499 5572
9154 2845 9785
7597 6094 9320
6266 4243 2044
5932 5394 9893
7053 3265 9705
3653 1863 5467
8310 6876 9191
6650 398 2086
3819 7401 9108
7135 734 5125
4803 7713 6331
204 5507 4063
6640 7349 1020
2729 9646 2883
8907 4564 8337
385 4945 6314
4337 5835 718
7400 658 6156
484 1861 7041
7857 9282 9709
2893 7566 5667
1079 5504 1440
9115 5759 546
7645 9368 7851
8343 3745 9654
8923 8054 2776
3585 4608 2224
7312 808 6925
2900 5427 4719
8572 3708 7119
5654 4007 1867
3257 3908 3967
3709 9447 7484
7176 3345 9878
6641 7514 1311
5724 515 3149
4091 3794 4220
6451 2941 3187
8098 4248 5238
8398 2350 3826
6145 524 6985
3137 4153 7822
8455 6588 5732
1073 3880 5336
1869 6766 8464
3103 6676 2313
6174 4249 7291
6193 7791 9648
8965 8527 592
5169 9960 6956
9080 5566 2528
2922 5673 8537
4526 4368 7476
4900 7454 7760
1232 2335 9561
5156 2993 2080
4217 2079 5666
7444 7530 4895
8830 6568 81
2456 5538 1836
2661 8068 9789
5225 9330 5959
2570 9589 3409
3490 1995 3602
9901 2666 4290
9192 7588 9892
340 5233 6342
4490 9770 418
7849 4960 5921
9756 547 6574
2613 5626 5978
4386 5064 7930
7966 4074 3542
6262 6363 8718
9726 7289 9703
4457 1909 4520
3674 2878 7798
9946 3538 2634
6759 6067 5009
8714 9435 9026
5838 1207 6865
9101 7212 804
4826 1537 1930
894 4367 7971
9467 5815 3634
2158 5470 8297
7695 5201 5982
1026 1521 4626
5825 9211 6346
7703 8610 6894
5230 2709 3486
3634 4254 7721
1313 1238 780
3691 6517 566
1098 455 9731
9142 8696 4959
5057 8326 6126
3362 262 8239
7030 272 6315
2992 6915 3424
9934 2212 75
3054 6978 2367
2447 2705 6588
1337 6479 1823
1646 8093 4531
752 376 6667
6870 6333 1643
3189 4281 5882
801 1056 280
4965 5489 1850
2661 7915 8952
6825 7437 8254
5797 1291 9011
4720 7060 3324
6521 7604 4466
1910 791 1835
4434 5781 3328
5557 2149 1390
5955 1028 2939
3263 1443 4864
7536 3909 6858
4064 5718 264
6550 9920 9308
9918 2100 9310
6733 3749 3341
3748 3480 4726
7201 9864 8899
4200 8738 6763
4752 4442 4201
2758 4889 4389
47 363 5068
2775 5589 3176
6361 7263 7603
3084 4458 7805
3296 5595 9034
8943 8130 1932
9583 1304 3790
2939 786 863
8930 9270 5730
43 6397 8642
6755 1816 2588
2715 8184 4166
9179 4024 4439
6703 4142 8795
9760 9529 6564
6908 693 2302
1706 35 4711
2696 2975 7349
6096 2895 9584
6628 9245 4681
7857 2501 3175
1785 4113 1464
890 2587 7551
5981 5429 9674
6334 6387 3634
795 9033 6555
9099 5657 3896
614 6578 192
8566 4105 7120
6307 6282 8798
418 4778 1737
4186 2688 3769
3758 3684 6439
1172 4658 1525
6156 1957 4315
6889 587 7836
8886 179 8511
167 2165 5246
238 117 4268
3861 2158 2746
1191 5626 4347
4216 5912 5112
210 4507 9135
1546 2204 2162
7906 2545 3087
1649 5009 1756
3683 5689 3783
1909 4225 1010
4593 3997 3464
7622 8407 7538
2563 2676 2015
5194 5086 402
1698 8060 403
3036 4433 9419
3871 8331 562
2412 8456 5859
7067 1091 8771
1096 7178 8455
3073 4552 9488
501 2649 2885
9298 6023 9295
9814 8798 441
1830 6224 1361
1445 8051 4309
311 4878 2711
3516 5902 1538
6241 6158 2723
9946 7412 8537
4886 676 8267
8879 1876 5399
8261 1516 8152
4321 3086 691
6634 6452 3288
9423 3917 715
332 5275 5774
3186 4260 8389
3981 6965 6243
9133 6381 1511
5418 9622 7572
5914 3662 9035
8103 90 2432
6295 7894 3697
8154 1984 5074
9740 176 3938
595 2296 2100
8460 5356 4724
9127 6111 3024
8355 6888 6522
2271 2103 7306
7692 2198 3527
3744 245 2833
6306 8921 820
911 3592 5015
4338 7107 2971
209 1564 5971
5607 6296 4533
3045 9410 8235
7638 5550 7125
1540 8895 5654
6813 8270 6668
3594 3554 4611
5269 3222 4326
4535 8189 6530
7546 7886 2564
9852 9621 222
474 1896 2441
8073 1277 7903
8035 8295 2850
3312 4776 7408
9490 8310 7789
9935 1521 8455
6363 5933 2806
7053 29 6269
2349 2859 1229
7684 5184 912
9362 9335 2302
6419 8774 3817
9996 1060 364
5643 1853 7332
7691 5538 6328
4583 3785 5842
3421 8553 789
2566 9702 3058
953 6032 7092
4532 2418 8133
4887 7886 7994
9959 2526 1700
3714 6690 1946
2547 9546 4148
183 4102 9721
1511 1587 3112
4050 5655 764
6957 9465 6099
9342 7770 3012
2469 6871 8553
294 6908 4359
3781 6576 795
847 2932 3000
5001 6943 2146
6180 6265 2146
9692 2043 3169
2596 5376 4791
4675 8426 2381
7096 6797 4635
7756 7546 3733
2213 3789 3024
419 1363 4112
6901 2717 7243
7791 236 2970
5821 4680 5368
1287 1681 254
4643 3914 9406
4464 2682 4805
6014 6913 5512
9898 8 7624
7354 9713 5388
6530 7773 4646
6637 6224 1817
6852 8277 1251
3260 7515 6985
9053 5233 2740
865 2825 6861
7434 2537 9682
4232 7665 3440
5171 8204 623
6582 7025 445
3053 1748 4527
5042 6783 5187
6972 2252 8110
3921 5057 1868
5487 8749 324
3090 4543 2052
3692 9421 6470
9802 9481 1739
6402 1605 8474
5002 8698 6907
5837 6465 4616
5572 8836 2705
8747 7437 4466
2981 5622 9765
4913 6022 8044
8205 9686 9484
848 7104 7953
5050 8285 6509
4299 8002 4007
3547 8519 5069
5301 569 3946
2372 5646 8639
3888 8164 3673
981 445 6342
3109 9025 1508
4736 9300 707
5950 6327 6467
37 9536 6017
9532 2203 9172
277 8881 6362
3243 4122 7842
1801 758 8465
985 1468 1824
8012 118 455
6361 6606 8192
8161 4290 5287
4529 1909 7132
6849 415 712
4162 5602 6852
7978 4641 7574
8684 1247 3899
463 3035 94
5620 6649 4776
1083 8601 2331
4588 9661 4236
6499 9086 2043
7657 1890 4470
159 7602 1700
7648 7129 760
2445 2909 7452
4428 7535 6171
5094 6813 4894
539 9320 479
8522 7014 2665
7314 5861 9625
6290 2985 496
8144 3928 251
1920 5174 964
7314 667 3621
8134 8117 2871
1362 629 3474
3789 5856 6619
6657 9001 2049
687 1150 1400
3984 1390 7132
5891 3144 9907
1059 9322 5375
9991 7581 2224
2637 5338 9178
8120 7614 6491
7683 5510 7159
9169 1202 512
3364 8856 4714
4672 1994 9891
1784 6962 5534
4156 5289 6297
3364 7337 6090
8320 7888 5288
8678 3479 9165
2429 842 2558
9684 2899 2030
4439 8130 8938
3862 3956 4101
7090 3663 8596
6073 4496 7663
4172 5532 1784
2208 1857 8825
6983 428 9668
1207 1302 5277
3784 126 5059
1074 19 3610
2700 3029 1665
5025 9500 6569
1045 6281 3045
3284 7850 3122
6156 2641 7131
4323 6406 8681
3148 8898 530
8634 8181 7642
9686 7625 9233
5727 3913 3421
4156 5857 1755
3773 3985 3265
5047 7467 6936
7831 5432 4976
8110 5630 8228
8460 1898 4959
6373 6349 7938
7842 7092 4909
408 6782 9414
8651 698 6641
7067 8639 2765
1618 275 3758
3457 6889 6915
6189 9487 8293
7755 4851 9606
7609 5818 7729
7277 3492 9417
4999 6425 2356
8263 9309 6843
1356 2416 2763
5753 2678 509
2540 3768 179
5758 942 1940
4623 3251 9460
4249 1604 7306
7282 1159 7090
773 4391 5391
8027 7067 9155
8021 5339 4780
2193 6625 115
8330 1816 1889
544 1974 9258
7868 4136 7020
7268 9565 5530
178 2239 1883
7041 1631 9394
1290 8884 8009
1410 8718 5653
3580 5984 3227
8670 3406 5173
3740 2471 582
2570 9390 3752
3441 6351 4635
8554 6952 829
7338 6776 618
8417 7523 275
3525 6300 5903
148 6337 429
8566 2938 8887
6216 8028 7176
3070 4439 4775
6710 7950 6595
4425 5705 5124
5629 1094 8043
3768 9365 7260
3788 4358 9799
5922 2781 3235
2212 6708 313
2930 7745 8972
403 1884 7798
4490 4166 2971
3788 1024 7827
874 3940 5230
846 5129 718
2906 9597 5865
2298 9368 3855
9006 6677 8375
5474 911 6106
2302 4961 8453
1174 9511 1077
2066 9239 3467
7700 4096 6337
2788 2821 4234
6353 7928 4421
7023 7636 1545
4896 8966 1724
3870 2309 7571
6418 2228 4675
1291 2100 624
5727 2610 9470
2827 3778 7108
4555 692 3623
633 887 5760
3383 8466 8578
5202 205 4873
1541 854 4258
6012 2863 7718
2302 6036 9608
9897 5354 3475
6188 4204 2387
1445 5965 5400
2721 4672 770
5194 7245 8513
9288 7210 6571
572 5459 1198
6595 4475 9668
6046 3513 4313
3943 8443 3525
426 8174 7066
7505 5998 8334
7800 5972 9765
3186 3044 3578
798 1970 8401
9085 8618 531
7070 1896 8707
6432 5438 2533
4596 2224 9062
2906 7259 5588
470 4178 4241
1795 7418 2928
4366 2093 4353
360 602 4734
4200 6101 7755
2351 8095 9420
9098 2586 7638
1471 1823 1453
7234 9197 4861
7840 8088 8965
6222 5268 554
8962 2587 8812
8178 4965 4012
5732 7790 5577
7694 6507 5050
535 8532 2893
6732 9753 2211
6709 6227 6650
2742 4215 14
7742 3683 9436
3913 221 7280
1106 8145 2458
7817 247 4908
9597 2784 435
1815 3717 3976
4170 3455 2850
4563 6092 3232
7591 2409 5045
4348 5610 7884
7264 9429 7572
2761 8308 7209
684 3411 9257
4840 6588 1504
173 1307 7089
3943 5703 2976
314 6141 2897
51 3292 2488
6549 9679 6354
7270 138 3569
4826 3490 1215
6867 4091 924
4688 7682 6892
3611 9739 3288
7536 8058 9876
841 4099 426
3029 1901 4153
3511 887 10
370 5354 1870
3931 3394 4606
323 9721 4855
3183 3178 8975
8471 6915 7770
7697 677 4339
8795 9850 1851
2768 986 5703
6344 6020 4652
5773 4435 2838
1573 830 1866
7921 3630 8618
5882 4691 8889
9890 4614 476
1311 4482 531
8468 1198 6562
6946 4528 6939
2475 5369 863
2259 2503 3395
1627 4620 2685
1710 7068 7060
1233 4495 5728
4 1236 7788
9846 3747 1913
9792 9884 9301
3344 4759 1514
433 3541 9911
614 5119 3101
1835 8613 9225
7206 3373 3831
8238 6197 6752
748 8031 7159
6081 5734 2988
1604 1608 4052
86 7273 4405
4368 7241 6873
8233 493 5790
3819 4684 8145
4248 8223 155
5738 2880 1385
8875 4472 9122
6325 2858 4378
5416 2111 8888
4979 5352 8360
905 1245 739
7270 373 2215
3072 235 3268
9843 1568 9514
3942 1479 7702
8066 9781 3609
7344 4694 6562
671 8822 9574
3731 4297 5646
4837 1614 6180
366 7860 2265
1577 4996 321
1380 935 5430
6970 5396 8174
4617 587 7826
9436 39 4981
7317 459 7762
4987 133 2824
879 1318 9073
5163 2557 521
8822 9976 7404
2029 3656 8684
8876 1903 2986
3434 9307 4662
2758 9749 8878
4417 2091 8971
7441 7958 310
1131 5860 4353
4602 5109 2739
1732 9465 9819
1678 8222 4184
7009 2979 2078
4675 6355 1550
2292 1214 5742
9043 3559 8858
5236 7175 4075
6455 2246 8305
4435 1275 4073
7892 7782 1405
9802 9977 2838
1678 9698 5973
4940 3511 3302
6955 2565 7562
7303 8382 4831
8442 2092 5271
7943 7130 7812
1109 2178 9283
4377 2828 5756
9797 80 7790
8266 3596 3004
9237 7165 7502
8198 5083 9030
6539 3320 3287
9734 5234 6247
6143 4387 6044
8906 2843 9308
6444 7227 9880
5205 4548 9634
6860 8159 3140
966 9404 9512
4263 8528 5625
4853 6817 9158
2709 191 4878
3844 5038 6270
4924 3287 1437
8507 8894 1286
9991 3181 3843
1912 8343 1955
4222 2518 8387
9132 7934 2292
1775 311 4349
5316 4498 8329
7161 2850 7386
3883 1423 2217
1270 8772 9291
5114 4559 5345
6034 7361 9005
9193 6893 1968
8477 503 9826
3337 397 1771
7093 8853 2846
2724 4173 125
8199 5929 7574
420 3564 7493
5889 9267 7637
6750 2448 6671
3498 8045 429
5376 7517 4914
1750 6497 1984
5837 177 271
4404 9557 5036
4398 5530 3665
6637 5862 814
4138 8481 6533
8022 9816 1839
9938 208 8155
1524 1199 635
2616 1721 3989
7312 1817 4747
3214 2285 5447
2763 7845 6579
7823 5883 9882
814 9933 9466
1902 8760 1226
5570 7571 9660
4989 5201 2823
8372 6398 6281
270 6400 6304
1110 9725 321
7967 4131 2338
6718 1319 2133
9825 8411 8099
2955 1512 2305
33 9153 5092
6222 9628 9467
6813 8690 7913
7856 831 3987
1115 1944 402
1267 5970 3287
3267 5940 7864
1756 3510 9090
5122 4665 5761
1550 2265 5142
4998 6608 5776
8784 797 2174
8415 3845 919
556 8061 4347
4035 3578 4109
147 4913 441
1433 7172 1534
4135 6648 9057
6684 723 2998
9324 358 8895
9597 5825 5971
6106 78 1901
1143 1093 5097
4768 5304 909
8902 704 3925
4525 1095 1949
3978 4661 6196
8606 4177 8678
9236 2961 7395
6911 9970 455
8494 7868 92
2700 4739 5190
1911 7626 3090
6239 8465 1337
1749 8222 9022
4855 9105 939
9708 3430 8290
2975 759 8947
8517 2605 7913
4890 5625 8636
751 6697 2733
1771 4990 1967
9280 5066 1528
4009 2544 9127
3568 4956 8136
8075 4363 527
7826 7052 1931
9175 415 4504
693 4543 7144
1453 1876 5532
262 8200 2437
8937 3982 2917
6058 1740 2515
3163 947 8923
6811 9657 5990
3632 4983 8713
8031 1896 9958
1047 5246 282
7979 6196 5092
5324 2998 8056
7414 7347 7816
5018 8114 8213
1394 3960 8878
802 8678 2028
3367 6005 2489
7398 391 7555
27 4923 4752
1886 4141 6420
4103 5071 3598
5173 6141 5259
1284 546 559
8228 156 628
197 6802 1593
4687 6305 5393
2156 4498 5316
4970 3844 7422
148 1789 3813
322 9837 3142
3386 6326 3323
9265 6268 6283
7010 8320 7294
7406 1812 9224
9934 946 9074
7025 5285 9051
558 4112 8617
936 6724 8717
1454 2106 2112
5545 3702 4857
6599 8890 9688
1752 3189 268
593 3492 4124
3117 5470 5709
5024 8922 6132
8449 6070 7445
6670 7013 1086
3482 5267 4576
7161 6638 8919
4955 3175 2276
6136 2753 2652
3018 1800 1407
8741 3910 4214
1325 2161 1756
6501 8081 3822
3461 1538 3063
7089 6692 1214
8021 4383 5447
7083 345 1013
6053 7453 2073
1855 9886 6166
1028 5241 5101
9746 9785 6891
4382 8971 5922
2574 6182 5869
408 120 1575
9600 7442 9189
6097 9954 292
1264 2913 9145
4934 6964 1437
6846 8340 6550
5134 290 3885
3933 4486 7492
4687 9638 3363
5745 2369 5961
3946 2355 4936
2281 7399 5839
6629 1625 5407
4925 3275 3419
1362 1474 3278
5007 9560 2802
8053 6956 4591
6613 592 6817
6448 9102 3218
2107 9156 8683
9925 3290 5782
3854 7697 1920
4820 5943 7767
8385 8213 9026
4763 107 4736
6803 3888 5726
2773 4825 2163
8626 5739 4494
5915 8213 545
8588 8811 1109
3571 4083 9341
3604 507 9947
6863 2450 7690
1176 1502 8532
5459 2119 5642
2874 3234 3808
2789 6231 7354
308 1401 174
1439 4610 4254
9133 1623 6140
2113 67 3866
3089 3523 7292
8489 7461 9495
5669 3716 3277
9067 5925 7208
3872 9868 7826
4998 3432 3630
626 3409 8335
9293 1487 4986
3594 1139 951
7630 5827 1091
4938 9843 5208
6845 6689 9253
1890 7161 9959
2906 8439 747
4451 3878 7091
6722 4983 6055
5103 1627 9542
4234 2393 7574
3943 8010 7394
6657 1273 4010
3574 3670 4253
2252 4516 4645
5316 1620 775
4830 7716 8811
1066 1455 6874
7703 3609 147
7217 3582 866
3501 4130 2754
6966 3346 99
9114 6493 2719
679 1588 603
1748 4494 2954
5974 9798 8496
5481 5571 6179
7768 7376 7910
9676 6157 9670
7642 6622 6182
4694 6818 902
846 5379 1337
8517 4191 847
4381 5598 5898
2084 4363 5737
331 5942 2855
4115 3022 8858
692 648 8485
3427 741 5799
6749 780 3577
8743 4821 2097
4520 3006 6815
2080 9695 628
3923 4591 7951
6040 4617 8120
4036 1108 1623
7540 9626 4589
1451 8694 9287
1586 1867 4165
3498 798 3602
4007 2545 1560
9922 941 4196
49 9424 7947
1863 8368 6381
7670 9072 2294
4596 7705 1355
3738 3962 8165
9166 9656 2958
880 4846 200
3359 569 5374
3155 8759 2930
538 7576 1183
6873 6652 4170
1374 5448 3028
2239 6551 3759
7141 1431 1383
6924 6535 9693
9855 6307 3904
2497 3641 7116
1745 3800 6535
6710 8304 3743
5751 1149 2596
4429 3579 9689
7707 7576 4810
4026 1752 2009
6867 477 7676
6264 5585 8597
4219 954 4741
1496 2855 5867
2837 8174 3273
988 8360 9270
1735 1115 8877
546 6323 6935
5455 3227 1597
6263 8953 9172
6378 1681 3916
488 2767 7243
2152 1130 8712
5150 7627 7586
1224 9554 5207
8005 4644 8668
5047 5425 3128
4495 3965 2472
1201 2207 7177
4900 7396 6459
3589 1924 9842
3864 268 3778
4393 1963 5196
4039 8790 1221
2843 4958 3193
5599 8086 2208
5997 4954 1498
6117 3969 2365
9183 8602 8973
378 8431 1480
1756 7579 1476
6407 8123 7204
3582 9090 8978
390 2207 6695
1617 5983 5247
4034 9646 4487
147 1053 4483
2373 5978 2066
9904 352 5252
769 4385 201
7850 9270 1451
6822 703 544
4503 4177 7401
2205 3283 4944
7954 3793 510
7579 6734 8720
9871 7162 3056
869 1949 712
9536 8284 7519
5476 7251 7314
9607 1840 1387
2774 9354 963
9583 1595 9502
1550 2360 4531
4114 2810 2933
9132 3076 8547
2254 6842 3698
5479 4357 7445
6896 1641 7891
7361 9160 3904
9198 7110 2168
9217 4038 3026
1022 5031 2140
4438 8143 82
1103 2708 7630
6154 9060 9283
5426 3611 5453
4443 7713 6576
9215 6521 6938
8463 3206 5356
7902 2013 5308
4227 5204 9750
2231 9743 399
5863 4566 1668
8742 3921 1400
6771 2424 4245
2662 2585 1844
2713 457 5191
5726 7421 3275
3780 7067 6583
6463 9060 6582
9453 7356 5917
3578 8787 4748
525 1425 7872
1722 7130 5713
902 9530 8688
7911 4108 5397
5422 2737 5066
5429 902 6450
5666 3570 5526
5775 3270 8532
6977 7917 4608
2295 8943 7171
1367 4436 896
4941 2048 5405
9419 6091 9997
2443 9597 503
8491 1473 7547
3247 235 9508
2362 319 3264
2549 2911 7965
1651 3331 7949
1014 7834 7832
2361 8974 9080
7058 5203 7459
9049 2217 7641
2919 5558 2455
2873 2973 6907
5199 372 4916
8709 5203 228
8992 8713 7997
8606 7629 5295
497 4920 2540
397 7026 4352
7180 8952 2112
5206 9716 6215
9582 9576 3090
4159 4251 1369
9902 3641 9693
2380 2419 4210
5961 257 5118
4701 8610 7519
1372 4769 5940
3891 2869 2271
2368 7816 8406
1143 4211 7702
9505 9123 6660
6610 2392 4982
1342 3776 4424
4846 945 6269
8289 7164 2037
6970 6435 5111
2982 7824 6551
7875 7895 1644
663 1008 8653
9791 7938 8189
1923 4827 8979
6915 7720 5138
3324 214 2426
4813 5939 6098
1138 9706 4161
1332 929 2140
2726 6954 6936
445 3333 1061
7995 2100 5446
72 6292 5175
3532 1533 5647
8787 8989 1195
1371 264 4946
957 3670 1016
317 8660 8698
6694 3886 238
9177 8730 1880
61 7582 5124
81 4238 4663
4283 2655 5369
8086 453 8779
9305 9367 3082
3065 5647 7697
4816 8706 3627
1942 6731 8207
1200 5783 9819
35 4247 7777
3280 8112 6392
4557 2217 9612
5301 9831 9752
299 8982 7003
596 9761 4631
4979 3441 923
4722 817 7914
3570 1277 8424
1339 136 4807
2918 4200 9249
7941 2896 9815
136 8319 3641
9311 3353 2755
2647 8592 6846
3213 8877 7799
1064 8884 9890
2454 4088 3638
9544 7945 2732
746 6863 806
281 8952 2217
6498 4161 1192
7497 569 377
9452 1426 2640
9616 5580 1454
6475 8652 4629
8168 5083 7424
4397 8366 4711
3665 3315 9660
4225 5707 2306
2505 2488 1463
8012 1414 1624
8239 6772 7381
1576 3615 4386
4496 2604 335
6093 2755 1812
4368 7739 5295
7106 6518 8428
7463 5300 5974
4222 933 3546
9643 754 6523
7919 8366 5030
728 1186 8434
2066 8336 2421
6985 2664 3296
2206 8052 9922
6106 5357 3901
6211 2342 4299
2645 3394 3250
9975 5630 930
7550 905 4546
9637 8491 1857
6043 202 2203
3886 5795 6314
1715 8012 8127
7096 78 8592
9907 670 2307
3107 6598 5649
5935 555 3024
5281 9101 1487
3184 9863 362
9242 2063 6678
1248 7681 976
221 3903 1271
5885 1219 3992
3729 2761 3523
8413 2726 7715
6826 3287 615
2757 9978 9702
3959 562 6239
2700 9760 6003
5189 834 5607
4207 6345 8593
4305 3002 6941
6146 318 5350
3021 4021 2255
6717 1609 3265
731 8830 9069
8947 8128 2583
4675 9185 8899
6119 7483 5607
4528 3144 7521
2792 1675 8552
4043 2862 4180
7472 5268 5464
7793 323 2812
220 890 9783
6004 4348 7917
203 5095 2721
9817 6626 807
2473 6040 5992
1344 9050 8311
9623 386 4326
97 5430 508
8894 418 177
5642 685 337
3435 9248 957
7836 146 5162
7404 1965 8472
159 2067 6216
8824 141 8351
4643 8310 3016
4626 434 5538
1692 2019 8669
345 2906 2529
2858 1949 4354
6715 9335 4193
9751 7553 6932
6387 3660 2955
7304 6435 7010
4837 5180 7469
7928 6662 6452
9189 5257 8479
2218 2876 3051
3396 4478 2640
9779 2954 1141
6766 5952 3633
9945 8156 4271
2905 8943 188
8227 5867 8294
9767 227 1234
1886 8550 6404
2172 7184 14
4513 7886 4374
6663 3040 2355
1811 8776 1056
2388 1249 6680
6284 6043 8343
424 5764 1842
3285 1029 6304
851 5692 1472
858 3630 3299
2326 3373 6069
128 6082 5692
2655 2283 2182
4806 6704 9274
7883 8053 1886
4869 5015 9531
5038 7903 1362
4372 4459 5734
7348 5732 7597
5048 5872 881
5988 8536 1082
3299 4026 6754
3169 9884 9999
9364 5552 6131
3536 9469 9189
162 8289 1154
6303 9568 9930
5836 3613 2604
4304 8552 2556
8595 7554 5558
5059 1761 454
8161 8432 6394
6700 1681 3168
9479 5467 967
5135 6948 5937
6107 1878 5701
525 2855 5990
7123 5727 9221
4663 5355 9940
7383 5965 3810
4445 8652 1716
9865 5322 1675
1212 1899 4524
7767 7287 2229
7578 5984 2021
8946 7111 1693
2279 2721 8649
9713 7209 9872
3973 4779 4589
6259 3287 2780
1777 1570 866
3625 2491 4139
5344 667 8201
3517 3346 4395
8241 2359 1761
8823 41 3306
2310 494 2588
8743 163 5458
17 8866 8867
4722 9012 2983
5992 1116 6972
6328 2674 5699
8083 8913 4094
2619 7517 4571
5784 5924 2218
954 6347 6929
6985 6006 3973
1559 9536 7716
750 611 6802
7466 6614 364
3560 1383 1545
1535 9353 4084
9644 6296 5808
7741 7378 9318
2203 610 6668
4460 410 5816
3243 1854 9444
5685 3839 2859
4820 864 5050
9105 9843 3644
3295 4539 1644
303 6706 5740
8246 6591 7013
8761 999 6139
6318 9221 5198
853 9533 8260
1417 17 9743
1290 7324 7114
3180 6750 1180
6718 1822 5638
6608 7181 428
2295 2642 5577
4021 8028 4782
9917 3102 7504
8420 4095 5556
7517 3798 9096
621 8686 9542
181 3961 5219
3331 6014 4045
1788 167 3883
6127 1138 2899
6366 474 4992
9098 175 9434
1920 2528 8245
2665 8646 6388
969 7699 3997
2347 4353 416
8486 7349 8332
8530 6548 1795
8382 9676 4672
7441 508 9193
7183 727 9268
1042 8300 3294
7362 8068 1940
939 8974 9337
5378 9907 7849
2293 8325 9640
7037 1833 4785
9344 2244 1902
5575 8130 2370
1351 4313 8058
7106 6565 9062
8195 5410 3930
4236 9051 4751
6371 6892 668
9927 1346 6270
6922 943 5044
3184 9028 7982
1778 4176 9704
340 9895 9518
8838 4871 120
5331 492 221
1310 360 4172
9244 4300 7111
8639 6233 4520
5521 2232 4541
6727 4803 5724
2335 7386 9138
5727 9733 9090
4195 2311 5205
4077 1288 4278
446 6682 4326
9528 5641 5989
4368 5349 4546
4339 9772 4016
3582 1823 4130
7141 6731 4763
5646 5471 2819
7211 2726 3642
7545 219 964
9780 8105 198
7786 4568 9000
1518 6729 8267
3250 3855 9457
4918 5098 3725
4419 4020 7371
8313 7206 2365
3652 1045 7363
2815 4961 5442
1873 264 8572
7518 5754 8589
4819 2834 5920
2937 9840 4165
2293 9195 8513
3783 5671 4235
1275 4972 4970
1970 3997 9761
6425 3228 658
1560 9252 751
9806 9749 8912
1398 9671 3656
8571 6110 2020
4583 3438 5347
2479 9255 7251
7131 4824 907
3703 1093 2017
9515 6902 3555
889 8611 2329
9616 274 4936
4311 6415 1738
1873 6323 858
5751 8448 9637
8331 7814 6088
2665 5312 939
8344 1406 4165
4622 6728 8181
6307 8292 9623
1345 1438 3080
1401 9905 4641
4934 2122 5527
3479 3027 7477
6771 6650 510
9712 2654 9419
8647 733 7343
6395 5245 8798
5326 5586 3212
53 8520 1912
4575 4150 9525
1939 1801 1887
9915 6949 4769
7345 8600 7694
2095 8468 5203
3205 509 5841
2238 2197 1713
3098 2140 2839
3520 5597 2909
9103 4571 9682
1002 6101 5263
759 4652 4357
1215 7734 2929
509 5662 5353
5303 3252 7491
3694 3838 7351
2327 3629 178
4207 2280 2563
9207 5949 1535
1013 3444 7615
5854 525 2385
4132 5593 4769
3307 7038 4226
2923 8359 1090
5275 3712 6372
2577 7958 6578
6365 1987 9390
3864 3620 1317
3433 1958 5163
9834 3864 9066
7809 6583 5577
1098 6973 7233
3698 6019 7361
3904 6248 3110
9036 2562 3881
4169 324 4073
9303 6586 2597
6175 6639 5366
2022 9251 3245
7030 3740 687
9636 3483 9413
7515 7105 2483
8152 8114 1486
2346 4059 6673
109 7415 5494
6133 2406 6390
6900 3149 2894
2131 7721 3218
3650 5926 6871
766 8621 1424
9852 4940 5307
2364 3065 1459
1658 5123 4991
4402 3357 2658
5024 2186 893
8042 7550 6491
9680 693 7300
3996 4216 9759
4631 7697 5296
4294 425 7258
6223 9205 5808
7707 9338 8095
6650 4138 9320
4232 7946 994
5473 9757 9467
685 6964 2799
3618 5701 3814
7225 2418 4010
7315 8951 7447
6587 4677 6822
8592 4261 7269
4537 9325 2639
1043 9004 6531
7656 9711 1637
5730 2798 3263
2551 1578 4930
2418 2482 8026
1843 5311 2954
7102 5902 622
8722 3438 5919
5807 8665 5768
2117 9996 3902
7232 2382 2341
9713 4307 4859
9940 2913 9583
5849 8694 874
6423 6855 6463
3180 7672 5305
5283 9199 9187
5171 2442 2589
6692 2109 7864
2051 9418 8544
4347 1594 4790
4267 1147 5708
540 9873 8627
4929 4300 1383
5976 2463 8193
3389 2943 8699
1015 9554 5301
6593 4207 317
2453 7107 6091
9314 9888 7360
7231 9076 8149
5482 8389 3687
1686 8422 9726
9825 3542 9881
6193 1555 8813
1201 904 4540
9021 2229 91
8701 2551 5683
5418 1575 6654
1430 1364 226
205 5191 5632
2463 9540 1487
7311 3517 1128
5803 3817 861
8269 7354 3589
3579 5454 6048
5580 314 1007
279 5220 7524
2385 3637 8982
4204 5796 7167
5276 7310 4500
1668 8723 6321
5003 4605 6638
3596 8735 4317
5296 4181 8044
6926 4773 3702
1864 1689 9568
4144 7937 7223
215 3461 9264
6026 322 1474
4522 1095 6996
1405 6759 384
5638 7010 5054
4051 1608 87
4271 6131 5107
1823 6372 4754
9345 2939 4605
6706 4624 3631
9036 2245 9074
756 3633 8259
6632 8024 3827
6134 5239 3443
1946 4721 3554
7797 3144 1968
407 1516 8443
6698 8629 7486
7976 4549 7495
8377 3005 4049
3879 5959 4971
7015 3940 7586
6028 2028 4964
7795 196 8764
9078 6970 166
7979 3619 9324
9180 4416 9447
8443 7430 4369
9559 1402 5254
4531 3646 781
2713 6794 3195
2145 2665 8845
5256 9543 6408
4576 502 9364
5436 6279 4192
645 1103 8466
842 4687 1333
8230 293 4374
908 1146 2970
6507 750 7222
5823 9587 2345
6041 5118 5448
7936 8836 9288
1936 5107 910
8134 571 613
2393 1305 3447
4503 9423 9461
8041 5195 1404
3240 9489 2587
3203 3550 3012
6333 372 2622
1220 2818 2028
226 1073 1383
2491 4960 9977
5343 2479 2440
6683 2864 7330
2534 4392 642
1353 8211 2110
6081 1469 9579
601 6115 2255
6385 8882 9749
9491 2690 9376
8483 6107 8326
2049 9453 171
4461 1038 4696
337 6065 974
9005 3262 5771
2646 9388 885
5082 2884 1573
4428 1434 1529
4044 2597 3912
7799 3754 2716
2014 4408 229
4075 2621 4549
3039 3040 6283
1211 2590 333
9596 2210 8502
6501 9985 4982
9674 8560 6368
8843 8537 5981
1984 1318 285
3465 4739 281
4245 4152 8125
8637 3740 3744
3794 7817 4019
7323 247 1318
4849 4417 6055
5706 4196 6438
7137 5825 7835
366 6450 4023
2296 406 686
8124 3326 6566
8024 7902 6339
4681 4995 8670
766 8990 8497
3012 5006 1951
5627 4828 1451
8861 5265 563
2078 54 3690
7663 3090 4333
4120 1658 2592
1340 4539 5573
636 7064 4200
6690 9099 8173
6379 4588 9674
4567 8283 7613
7045 7320 4742
9115 6437 6575
6796 6987 6648
6658 4525 983
1185 1117 5167
3771 380 3798
3828 5808 2736
2150 4333 8245
5262 9165 1901
4757 6226 2851
4812 4743 950
5472 5936 7199
1799 2891 3655
7232 4954 6607
2420 634 6871
9882 141 8411
5851 3346 2947
2261 2864 1720
3252 6187 6159
7054 5681 398
8220 5321 81
8133 3865 5974
9840 124 565
7692 3169 8285
2422 9122 8120
8178 7794 6527
677 3640 3390
212 4563 4564
6240 7470 1986
1880 5911 9314
7798 1310 2436
8353 4082 947
536 7410 4664
4914 6035 4308
924 7019 5538
3545 5616 5599
6230 2209 5717
2661 3401 2511
9554 6048 9441
8127 1100 9171
2793 5859 299
7377 6150 4381
3179 8100 3955
1170 5838 2183
5630 3446 8489
844 7226 2775
871 6783 4829
4523 9265 9025
5770 9981 8863
84 3192 5839
3647 3236 1077
8972 894 2398
340 2757 6805
7298 2159 4770
7374 3268 2090
8200 5896 6940
1870 6991 9263
2716 3874 6903
1130 6414 9145
2623 7296 8593
2616 173 4463
2772 2091 3157
3975 4029 7760
8922 9082 1697
5258 4203 9605
7217 5990 235
9722 1314 6401
8043 6584 4742
2412 3659 3602
3304 8845 2403
2847 4413 4672
9583 6937 1820
9860 728 2107
2833 1778 3818
6645 4245 4600
4029 2807 8214
6940 4826 5116
8880 3648 2068
7388 4947 7103
126 6859 2334
5004 3848 2618
381 1271 8444
4773 1846 3709
7800 2478 1335
1577 2644 10
1993 3282 3435
7955 5306 4483
237 4689 3531
6416 5349 1013
7707 4080 976
5696 8554 8230
8368 6451 3739
3210 9704 1677
7452 6330 8289
9254 1838 6549
7788 7146 3234
6695 5821 386
4846 2064 3264
4491 7343 4920
557 4618 8523
4599 5252 6409
7200 3616 6210
5754 4237 9587
438 5287 3380
5211 3862 7386
3014 5434 1525
4625 3128 5855
9018 4142 6798
1848 8079 7928
484 2763 6299
3795 7234 4221
9407 1786 620
798 204 3961
5279 9197 2643
1673 3469 7942
3528 6812 5900
2315 8883 1
2403 632 9923
853 5321 7190
6999 1938 8493
392 4509 2218
8531 3008 4016
6851 8163 4364
4722 4226 3473
6931 8657 3609
2843 637 718
2339 3525 2544
2169 6283 4544
1388 1571 8408
6518 4732 5360
3970 3384 5689
5015 4255 1468
1854 759 1940
4123 3433 9978
2347 9216 3402
9150 5426 9778
1752 7649 7797
5928 8560 1624
1629 8938 6711
8494 747 5926
6398 9604 7635
4838 6248 9953
204 3959 6546
6548 4176 1079
7635 4194 9075
8110 3077 316
373 5665 7707
7308 1926 4523
9363 5705 3866
6466 6607 9069
9982 6890 4577
8273 176 5304
67 999 2902
6611 7087 8933
8835 3056 5439
8230 6161 2624
5712 3453 2421
6788 313 8955
5137 6985 6620
3793 8418 3422
7311 6653 9093
146 4917 3350
8840 4548 6886
5313 5284 7258
4072 1968 2449
5971 3893 1073
1873 5134 1787
2759 8036 5411
7238 4273 1010
8857 2868 3476
960 9976 4843
6190 178 3837
1998 8853 4616
747 2770 1122
2720 7258 7243
1953 6612 9759
4188 9676 2868
2531 6143 5901
1208 7513 4359
7195 1191 2427
616 1409 7445
7709 1482 6357
7302 3785 2681
4977 5047 4584
5279 2366 408
6083 6947 4305
2526 669 2367
8590 6793 3547
2002 5873 1541
8693 2552 1651
2016 788 1630
8731 52 8790
9961 5221 10000
8410 1365 946
7782 7039 5052
2879 9756 2365
8884 9792 8588
5424 9811 957
588 1677 8870
1119 7875 5591
6243 3728 95
9449 1728 2502
4855 9665 6309
1966 717 8168
9127 3821 4228
1581 823 3099
4022 3788 8216
1684 8919 434
1782 8281 6137
354 8757 5702
5549 5130 5110
3501 7737 1628
1198 8151 4178
30 1447 4197
3532 1457 4682
6763 6634 7650
7029 9719 7290
4761 4640 3980
9989 3659 5867
4400 7576 4757
113 9973 1943
8777 7553 4126
158 9348 9628
2618 7691 5701
1401 8224 7323
181 7402 1345
8024 9478 489
704 1762 9045
7189 1398 4807
7867 4240 4196
8816 4156 2090
7056 2738 575
8556 3141 9058
7979 4287 5567
4216 6186 3369
7120 6873 3893
6539 9748 5517
5454 8787 4065
541 9117 5359
3326 8427 4144
1827 6742 7196
9938 6630 5317
9326 5205 3018
6387 6074 7920
8414 430 7057
1019 6301 3894
3914 3443 5057
6353 5 3462
1163 9325 1847
2651 6259 3598
6380 2361 426
7031 3316 1795
527 5819 5417
9324 5618 2133
9559 82 4057
7972 6937 4479
2762 5209 8685
9618 4214 7906
7467 5950 6022
3970 8636 1955
4179 456 9357
8723 6199 7149
2818 2050 5948
365 3287 9733
3166 293 3393
8755 8312 3347
2077 6578 7183
3594 8218 5821
1615 387 6337
7761 9658 8075
2015 4682 8224
1991 8537 4039
7468 7504 5610
8400 5840 4763
8732 6031 6483
168 2848 802
2593 2866 155
636 1584 5721
4310 489 5323
4242 1117 9696
7182 7025 6795
3400 1527 2984
2592 8221 2862
6177 443 4517
2150 5486 8690
7605 9710 3409
6478 5147 4855