3381
1180
9566
6324
6257
4847
1274
9736
8599
8420
5615
8718
9143
2499
495
9403
4597
8352
9333
481
4613
4139
6371
8609
1222
7630
1316
1679
9943
7983
8678
6232
6534
7191
3922
4168
9145
5813
2284
95
8230
739
1368
6942
6737
5894
5774
6552
9163
8369
4566
8393
9209
1098
2134
9155
4941
5
4860
9343
6694
33
3245
7814
9034
2225
5912
9986
3788
1310
873
5108
2050
2189
7809
369
5146
391
4763
4018
8362
8037
5962
3085
1783
4855
5514
744
5083
7222
8227
288
8700
8620
3940
7707
1789
5621
5914
63679837
6751
9660
3833
8116
418
5620
1515
5664
7453
8593
8400
3891
476
4331
2780
2679
6448
9585
4613
6372
3101
7366
9740
2124
2541
8801
2865
6207
8915
6811
4868
4316
5629
6479
9819
4955
5574
4803
3822
1495
8304
7788
2266
851
4091
4254
4798
1464
3980
6565
7748
9363
852
4460
255
5359
2968
3602
2367
6037
5320
5019
6480
726
5498
9133
962
8695
6746
3889
5856
6593
9948
1716
4507
8735
1381
957
4254
2091
9924
2540
5915
9689
564
5631
1275
8611
3342
2269
5159
6024
5123
5998
9404
3903
9565
5253
7050
6488
9881
2359
6197
4228
9363
6377
3822
4778
1003
1825
2301
9478
6912
7445
5578
4720
9007
9864
1340
7388
7900
184
9957
5064
5674
3614
6640
423
6486
4549
3311
4340
1631
4156
4993
6963
4582
7747
3748
4088
538
3096
2124
4006
2929
8699
222
2377
464
6896
3467
4332
707
7613
234
9720
3856
5729
5069
3728
6035
7786
9836
208
7046
5062
8422
4
9818
4397
5139
561
4911
6518
2627
5151
2634
8839
1397
4043
3984
666
528
9347
5322
894
8348
9794
8210
3784
9308
6546
5517
3259
3708
8399
8691
5012
8222
